56,0.0,96,4.0,44.0,-4.0,40.0,52.0,12.0,4
101,0.0,102,0.0,72.0,6.0,1.0,29.0,28.0,5
40,5.0,93,-3.0,38.0,0.0,54.0,55.0,2.0,1
37,0.0,77,0.0,28.0,-26.0,40.0,48.0,8.0,1
37,0.0,78,-2.0,-6.0,0.0,41.0,86.0,44.0,1
38,3.0,92,0.0,26.0,1.0,54.0,66.0,12.0,1
53,4.0,80,0.0,52.0,0.0,27.0,28.0,2.0,1
46,0.0,81,-4.0,46.0,0.0,35.0,34.0,0.0,1
54,-16.0,77,0.0,-2.0,0.0,23.0,79.0,56.0,4
49,2.0,83,6.0,50.0,1.0,33.0,33.0,0.0,1
37,0.0,86,0.0,38.0,23.0,48.0,47.0,0.0,1
53,3.0,81,0.0,52.0,-15.0,28.0,29.0,2.0,1
56,3.0,98,1.0,46.0,0.0,42.0,51.0,10.0,4
44,-2.0,78,0.0,44.0,0.0,34.0,34.0,0.0,1
37,-1.0,83,-4.0,34.0,0.0,46.0,49.0,4.0,1
49,1.0,86,0.0,46.0,-5.0,38.0,40.0,2.0,1
78,-5.0,83,0.0,-40.0,4.0,4.0,124.0,120.0,5
41,0.0,86,0.0,38.0,0.0,45.0,47.0,2.0,1
79,0.0,83,0.0,-32.0,-24.0,4.0,117.0,112.0,5
47,0.0,77,-4.0,46.0,0.0,30.0,30.0,0.0,1
55,0.0,97,3.0,52.0,0.0,41.0,45.0,4.0,4
46,1.0,102,0.0,44.0,-25.0,57.0,58.0,2.0,1
42,0.0,93,0.0,42.0,0.0,52.0,52.0,0.0,1
37,0.0,110,-3.0,28.0,0.0,73.0,82.0,8.0,1
43,-1.0,82,0.0,42.0,-11.0,39.0,41.0,2.0,1
44,0.0,89,0.0,42.0,-22.0,45.0,48.0,2.0,1
55,0.0,76,0.0,-22.0,-19.0,21.0,99.0,78.0,4
55,-3.0,98,0.0,46.0,5.0,42.0,51.0,8.0,4
50,0.0,77,0.0,50.0,-2.0,27.0,28.0,2.0,1
55,0.0,95,0.0,46.0,18.0,40.0,49.0,8.0,4
49,0.0,85,0.0,50.0,15.0,36.0,36.0,0.0,1
55,0.0,95,0.0,38.0,31.0,39.0,56.0,16.0,4
55,0.0,96,0.0,50.0,-17.0,41.0,47.0,6.0,4
37,0.0,79,0.0,24.0,-23.0,43.0,56.0,14.0,1
42,-1.0,90,0.0,42.0,0.0,47.0,48.0,2.0,1
37,0.0,96,-2.0,36.0,0.0,59.0,60.0,2.0,1
43,0.0,83,4.0,42.0,0.0,40.0,41.0,2.0,1
52,3.0,81,-1.0,52.0,0.0,29.0,30.0,0.0,1
63,3.0,111,8.0,62.0,0.0,48.0,49.0,2.0,1
39,0.0,83,-1.0,38.0,0.0,43.0,44.0,0.0,1
104,3.0,105,0.0,72.0,4.0,1.0,33.0,32.0,5
55,0.0,93,-1.0,12.0,0.0,37.0,80.0,42.0,4
42,3.0,78,0.0,42.0,0.0,36.0,37.0,2.0,1
64,-63.0,88,0.0,8.0,0.0,24.0,81.0,56.0,3
37,0.0,79,0.0,12.0,25.0,42.0,66.0,24.0,1
41,0.0,79,-1.0,42.0,15.0,38.0,37.0,0.0,1
56,0.0,77,0.0,-12.0,-3.0,21.0,90.0,68.0,4
44,0.0,83,6.0,44.0,2.0,40.0,39.0,0.0,1
56,0.0,77,0.0,-4.0,-6.0,21.0,82.0,62.0,4
46,1.0,107,-7.0,46.0,4.0,61.0,60.0,0.0,1
43,3.0,86,0.0,42.0,0.0,44.0,45.0,2.0,1
52,-4.0,87,0.0,52.0,0.0,35.0,35.0,0.0,1
55,2.0,87,0.0,54.0,0.0,32.0,33.0,0.0,1
50,-1.0,77,-3.0,50.0,-4.0,27.0,28.0,0.0,1
45,5.0,87,-1.0,44.0,0.0,42.0,43.0,2.0,1
37,0.0,77,0.0,20.0,-6.0,40.0,56.0,16.0,1
51,0.0,79,4.0,52.0,1.0,27.0,27.0,0.0,1
37,0.0,77,0.0,-14.0,-9.0,40.0,92.0,52.0,1
55,-3.0,80,-7.0,-4.0,21.0,25.0,85.0,60.0,4
37,0.0,106,-5.0,28.0,-2.0,69.0,77.0,8.0,1
37,0.0,76,-2.0,20.0,-4.0,40.0,55.0,16.0,1
103,4.0,104,8.0,70.0,0.0,1.0,35.0,34.0,5
37,0.0,96,4.0,24.0,-8.0,59.0,73.0,14.0,1
45,-1.0,86,-4.0,46.0,22.0,40.0,39.0,0.0,1
47,-1.0,108,0.0,46.0,0.0,60.0,61.0,0.0,1
43,0.0,87,1.0,42.0,-7.0,44.0,46.0,2.0,1
42,1.0,86,6.0,42.0,0.0,44.0,45.0,2.0,1
55,0.0,97,0.0,38.0,0.0,41.0,58.0,16.0,4
55,0.0,77,0.0,18.0,11.0,22.0,59.0,38.0,4
37,0.0,76,5.0,28.0,10.0,40.0,48.0,8.0,1
47,1.0,87,-7.0,46.0,0.0,40.0,41.0,0.0,1
56,0.0,97,0.0,38.0,29.0,41.0,58.0,18.0,4
43,0.0,102,0.0,44.0,11.0,59.0,58.0,0.0,1
55,0.0,79,0.0,20.0,-17.0,23.0,58.0,34.0,4
55,0.0,78,0.0,8.0,-27.0,23.0,70.0,48.0,4
76,-1.0,81,0.0,-40.0,0.0,4.0,122.0,118.0,5
55,-5.0,78,0.0,44.0,0.0,23.0,34.0,12.0,4
56,0.0,80,0.0,24.0,25.0,24.0,57.0,32.0,4
39,-2.0,80,-3.0,38.0,0.0,41.0,41.0,0.0,1
56,0.0,81,0.0,-10.0,-23.0,25.0,91.0,66.0,4
36,-4.0,83,5.0,36.0,0.0,46.0,46.0,0.0,1
56,2.0,91,0.0,54.0,-18.0,35.0,37.0,2.0,1
37,0.0,79,8.0,24.0,0.0,42.0,56.0,14.0,1
50,2.0,106,-1.0,50.0,0.0,57.0,57.0,0.0,1
56,0.0,99,3.0,46.0,0.0,42.0,52.0,10.0,4
58,-3.0,84,0.0,56.0,0.0,26.0,27.0,2.0,1
55,0.0,97,0.0,50.0,21.0,41.0,48.0,6.0,4
55,0.0,97,1.0,38.0,0.0,41.0,58.0,16.0,4
56,0.0,93,0.0,46.0,0.0,37.0,46.0,10.0,4
37,0.0,83,0.0,2.0,13.0,46.0,80.0,34.0,1
44,0.0,86,4.0,44.0,13.0,43.0,42.0,0.0,1
45,-4.0,80,0.0,44.0,0.0,35.0,36.0,0.0,1
51,-2.0,77,0.0,50.0,-8.0,27.0,28.0,2.0,1
49,0.0,81,0.0,46.0,-15.0,32.0,34.0,2.0,1
102,0.0,103,3.0,70.0,-6.0,1.0,33.0,32.0,5
41,0.0,76,-5.0,38.0,0.0,35.0,37.0,2.0,1
38,0.0,92,2.0,16.0,15.0,54.0,77.0,22.0,1
55,0.0,96,0.0,46.0,-13.0,41.0,50.0,8.0,4
43,-2.0,79,0.0,42.0,-5.0,35.0,37.0,2.0,1
47,5.0,87,4.0,46.0,0.0,40.0,41.0,0.0,1
37,0.0,80,0.0,16.0,-29.0,43.0,65.0,22.0,1
105,-2.0,107,0.0,72.0,0.0,1.0,35.0,34.0,5
37,0.0,92,0.0,20.0,2.0,55.0,71.0,16.0,1
37,0.0,75,0.0,18.0,0.0,38.0,57.0,18.0,1
37,0.0,82,0.0,30.0,-5.0,45.0,51.0,6.0,1
56,0.0,100,3.0,50.0,0.0,44.0,51.0,6.0,4
37,0.0,95,-6.0,12.0,-30.0,58.0,82.0,24.0,1
37,0.0,75,0.0,30.0,2.0,38.0,44.0,6.0,1
64,-1.0,110,2.0,64.0,0.0,46.0,46.0,0.0,1
49,0.0,95,-2.0,50.0,2.0,46.0,46.0,0.0,1
52,3.0,80,0.0,52.0,0.0,28.0,28.0,0.0,1
37,0.0,80,0.0,36.0,30.0,43.0,44.0,2.0,1
55,4.0,79,8.0,54.0,0.0,24.0,24.0,0.0,1
55,0.0,93,0.0,12.0,-6.0,38.0,81.0,42.0,4
37,0.0,106,0.0,28.0,-15.0,68.0,77.0,8.0,1
46,0.0,81,3.0,46.0,7.0,35.0,35.0,0.0,1
37,0.0,75,0.0,26.0,20.0,38.0,49.0,12.0,1
37,0.0,83,0.0,34.0,7.0,47.0,50.0,2.0,1
37,0.0,109,8.0,36.0,0.0,72.0,73.0,0.0,1
56,0.0,88,0.0,56.0,3.0,32.0,31.0,0.0,1
44,1.0,95,0.0,44.0,15.0,52.0,51.0,0.0,1
49,4.0,86,0.0,50.0,1.0,37.0,37.0,0.0,1
41,1.0,80,0.0,42.0,16.0,39.0,39.0,0.0,1
43,0.0,80,0.0,44.0,27.0,37.0,36.0,0.0,1
56,0.0,95,0.0,50.0,1.0,40.0,46.0,6.0,4
37,0.0,78,0.0,24.0,-26.0,41.0,55.0,14.0,1
52,1.0,83,0.0,52.0,0.0,30.0,31.0,0.0,1
37,0.0,76,0.0,28.0,-9.0,39.0,47.0,8.0,1
37,0.0,81,-4.0,-4.0,0.0,44.0,86.0,42.0,1
56,0.0,97,1.0,54.0,0.0,40.0,42.0,2.0,1
37,0.0,77,0.0,36.0,3498.0,39.0,41.0,2.0,1
85,0.0,88,0.0,0.0,-29.0,3.0,88.0,86.0,5
51,1.0,81,0.0,50.0,-6.0,30.0,32.0,2.0,1
44,-1.0,81,0.0,42.0,-28.0,38.0,40.0,2.0,1
53,0.0,83,0.0,52.0,-26.0,30.0,32.0,2.0,1
53,0.0,102,0.0,52.0,-15.0,49.0,50.0,2.0,1
49,0.0,107,0.0,50.0,20.0,58.0,58.0,0.0,1
43,0.0,81,0.0,42.0,0.0,37.0,39.0,2.0,1
49,5.0,82,0.0,50.0,27.0,33.0,33.0,0.0,1
44,3.0,83,3.0,44.0,1.0,38.0,39.0,0.0,1
45,0.0,87,0.0,46.0,9.0,42.0,41.0,0.0,1
55,0.0,81,0.0,-22.0,-18.0,26.0,105.0,78.0,4
56,0.0,83,0.0,54.0,-29.0,27.0,29.0,2.0,1
38,0.0,79,0.0,38.0,6.0,41.0,40.0,0.0,1
48,-1.0,89,0.0,46.0,-3.0,41.0,42.0,2.0,1
48,-5.0,83,0.0,46.0,-9.0,35.0,37.0,2.0,1
37,0.0,106,0.0,28.0,-6.0,69.0,78.0,8.0,1
39,5.0,102,0.0,38.0,0.0,62.0,63.0,0.0,1
79,0.0,84,7.0,-38.0,0.0,4.0,123.0,118.0,5
56,1.0,81,-6.0,-10.0,-5.0,25.0,91.0,66.0,4
44,2.0,79,5.0,44.0,2.0,35.0,35.0,0.0,1
48,0.0,77,-3.0,46.0,0.0,29.0,31.0,2.0,1
44,0.0,81,-1.0,44.0,1.0,38.0,37.0,0.0,1
56,0.0,97,1.0,54.0,0.0,41.0,43.0,2.0,1
44,-3.0,81,2.0,42.0,-29.0,37.0,39.0,2.0,1
44,0.0,83,0.0,44.0,3.0,39.0,39.0,0.0,1
47,2.0,95,4.0,46.0,0.0,48.0,49.0,0.0,1
39,0.0,80,-2.0,38.0,-3.0,41.0,41.0,0.0,1
37,0.0,76,-3.0,26.0,0.0,39.0,50.0,12.0,1
43,0.0,84,0.0,44.0,13.0,41.0,40.0,0.0,1
37,0.0,83,0.0,34.0,1.0,46.0,50.0,4.0,1
37,0.0,76,0.0,34.0,-14.0,40.0,43.0,2.0,1
48,0.0,87,0.0,46.0,-9.0,39.0,41.0,2.0,1
45,0.0,86,0.0,44.0,-21.0,41.0,42.0,2.0,1
37,0.0,80,0.0,18.0,-30.0,43.0,62.0,18.0,1
37,0.0,104,-2.0,28.0,11.0,67.0,75.0,8.0,1
37,0.0,83,0.0,34.0,-10.0,46.0,49.0,2.0,1
56,-1.0,80,-4.0,20.0,-15.0,24.0,59.0,36.0,4
66,0.0,109,0.0,68.0,15.0,43.0,42.0,0.0,1
45,2.0,82,-1.0,44.0,0.0,37.0,38.0,2.0,1
45,0.0,88,0.0,46.0,27.0,43.0,42.0,0.0,1
55,0.0,93,0.0,42.0,-4.0,37.0,51.0,14.0,4
58,-4.0,86,0.0,56.0,0.0,29.0,30.0,0.0,1
56,1.0,91,0.0,56.0,12.0,35.0,34.0,0.0,1
61,-5.0,111,0.0,62.0,0.0,50.0,49.0,0.0,1
56,0.0,77,0.0,16.0,-23.0,22.0,62.0,40.0,4
37,0.0,79,-3.0,20.0,0.0,43.0,59.0,16.0,1
50,-1.0,85,0.0,50.0,0.0,35.0,36.0,2.0,1
37,0.0,80,8.0,26.0,0.0,43.0,54.0,10.0,1
37,0.0,80,0.0,34.0,13.0,43.0,46.0,2.0,1
106,2.0,108,1.0,70.0,0.0,1.0,38.0,36.0,5
37,0.0,90,3.0,26.0,0.0,53.0,64.0,12.0,1
55,0.0,81,-4.0,-18.0,-29.0,26.0,99.0,74.0,4
37,0.0,104,0.0,20.0,3.0,67.0,84.0,16.0,1
49,-3.0,84,0.0,50.0,13.0,35.0,35.0,0.0,1
53,-2.0,90,0.0,54.0,0.0,37.0,36.0,0.0,1
37,0.0,97,0.0,30.0,-6.0,60.0,66.0,6.0,1
46,0.0,88,0.0,46.0,8.0,43.0,42.0,0.0,1
41,0.0,78,0.0,38.0,-4.0,37.0,39.0,2.0,1
41,0.0,97,0.0,38.0,-19.0,56.0,58.0,2.0,1
43,-3.0,81,0.0,42.0,0.0,38.0,40.0,2.0,1
53,0.0,80,0.0,54.0,25.0,27.0,26.0,0.0,1
37,0.0,78,0.0,20.0,-10.0,42.0,57.0,16.0,1
56,4.0,98,2.0,50.0,10.0,42.0,49.0,6.0,4
46,5.0,86,0.0,46.0,4.0,40.0,39.0,0.0,1
55,0.0,77,0.0,18.0,5.0,22.0,59.0,38.0,4
44,0.0,87,0.0,44.0,7.0,43.0,43.0,0.0,1
45,0.0,82,0.0,44.0,-3.0,37.0,38.0,2.0,1
52,0.0,81,2.0,52.0,0.0,29.0,30.0,0.0,1
40,-1.0,108,0.0,38.0,0.0,68.0,69.0,2.0,1
51,0.0,82,0.0,50.0,-21.0,31.0,33.0,2.0,1
41,0.0,87,1.0,38.0,-14.0,46.0,48.0,2.0,1
48,-42.0,78,-7.0,0.0,0.0,30.0,78.0,48.0,3
55,0.0,91,4.0,54.0,0.0,36.0,37.0,0.0,1
55,0.0,93,0.0,42.0,28.0,37.0,51.0,14.0,4
37,0.0,79,-3.0,34.0,0.0,42.0,45.0,2.0,1
45,-2.0,86,5.0,46.0,30.0,41.0,40.0,0.0,1
37,0.0,81,0.0,12.0,-28.0,44.0,68.0,24.0,1
53,1.0,88,0.0,52.0,-9.0,35.0,36.0,2.0,1
54,0.0,81,7.0,54.0,0.0,27.0,27.0,0.0,1
41,0.0,81,0.0,38.0,-29.0,40.0,43.0,2.0,1
41,0.0,82,0.0,38.0,-4.0,41.0,43.0,2.0,1
47,1.0,79,7.0,46.0,0.0,32.0,32.0,0.0,1
37,0.0,84,0.0,30.0,19.0,47.0,53.0,6.0,1
43,-91.0,76,0.0,42.0,0.0,33.0,35.0,2.0,3
38,1.0,76,0.0,38.0,10.0,38.0,37.0,0.0,1
43,0.0,88,0.0,44.0,22.0,45.0,44.0,0.0,1
56,0.0,87,0.0,56.0,2.0,31.0,30.0,0.0,1
55,0.0,95,0.0,42.0,6.0,40.0,54.0,14.0,4
46,4.0,107,-2.0,46.0,1.0,61.0,60.0,0.0,1
37,0.0,77,0.0,-20.0,4.0,41.0,98.0,58.0,1
56,0.0,78,0.0,42.0,-27.0,22.0,37.0,14.0,4
37,0.0,108,0.0,36.0,20.0,71.0,72.0,0.0,1
65,-5.0,109,0.0,64.0,0.0,44.0,45.0,0.0,1
55,0.0,97,-5.0,46.0,-22.0,42.0,51.0,8.0,4
45,-1.0,83,-4.0,44.0,-12.0,37.0,39.0,2.0,1
37,0.0,104,3.0,18.0,0.0,67.0,86.0,20.0,1
40,-4.0,84,0.0,38.0,0.0,45.0,46.0,2.0,1
46,1.0,76,0.0,46.0,0.0,29.0,29.0,0.0,1
45,0.0,102,0.0,46.0,18.0,57.0,56.0,0.0,1
37,0.0,76,-7.0,24.0,0.0,40.0,53.0,14.0,1
42,1.0,81,0.0,42.0,0.0,39.0,39.0,0.0,1
45,0.0,77,0.0,44.0,-20.0,32.0,34.0,2.0,1
37,0.0,82,1.0,26.0,28.0,45.0,56.0,12.0,1
55,0.0,77,3.0,-20.0,0.0,21.0,97.0,76.0,4
55,0.0,92,4.0,-4.0,4.0,36.0,97.0,60.0,4
52,-1.0,77,0.0,52.0,0.0,26.0,26.0,0.0,1
79,0.0,83,1.0,-40.0,17.0,5.0,125.0,120.0,5
44,0.0,86,2.0,44.0,0.0,42.0,42.0,0.0,1
37,1.0,81,1.0,36.0,0.0,43.0,44.0,2.0,1
78,0.0,83,8.0,-42.0,0.0,4.0,126.0,122.0,5
54,3.0,89,4.0,54.0,0.0,35.0,35.0,0.0,1
55,0.0,92,0.0,46.0,-2.0,37.0,46.0,8.0,4
37,0.0,108,3.0,36.0,0.0,71.0,71.0,0.0,1
43,0.0,85,-7.0,42.0,0.0,42.0,44.0,2.0,1
44,-1.0,82,0.0,44.0,1.0,38.0,38.0,0.0,1
41,-4.0,88,0.0,42.0,0.0,47.0,47.0,0.0,1
56,4.0,98,5.0,50.0,23.0,42.0,49.0,8.0,4
45,-1.0,83,0.0,46.0,3.0,38.0,37.0,0.0,1
56,0.0,92,0.0,0.0,14.0,36.0,92.0,56.0,4
47,-2.0,86,-6.0,46.0,0.0,39.0,39.0,0.0,1
37,0.0,79,0.0,38.0,29.0,41.0,40.0,0.0,1
37,0.0,106,3.0,34.0,3.0,69.0,73.0,4.0,1
53,0.0,82,0.0,54.0,5.0,29.0,28.0,0.0,1
55,0.0,93,0.0,8.0,3.0,37.0,85.0,48.0,4
44,2.0,86,0.0,44.0,12.0,43.0,42.0,0.0,1
56,1.0,83,0.0,56.0,6.0,27.0,26.0,0.0,1
56,0.0,95,-1.0,44.0,-1.0,40.0,51.0,12.0,4
50,0.0,81,-1.0,50.0,0.0,31.0,32.0,2.0,1
53,0.0,87,0.0,52.0,-16.0,34.0,35.0,2.0,1
37,0.0,78,0.0,16.0,3.0,42.0,63.0,22.0,1
50,0.0,106,2.0,50.0,0.0,56.0,57.0,0.0,1
37,0.0,77,3.0,36.0,11.0,41.0,41.0,0.0,1
45,1.0,83,0.0,46.0,31.0,37.0,36.0,0.0,1
107,1.0,108,0.0,72.0,1.0,1.0,36.0,34.0,5
55,0.0,95,4.0,36.0,-10.0,40.0,59.0,20.0,4
46,0.0,85,-6.0,44.0,-25.0,39.0,41.0,2.0,1
45,0.0,102,0.0,44.0,-3.0,57.0,58.0,2.0,1
37,0.0,76,0.0,34.0,-27.0,40.0,43.0,2.0,1
51,0.0,81,0.0,52.0,5.0,30.0,30.0,0.0,1
37,0.0,80,0.0,18.0,-11.0,43.0,62.0,18.0,1
55,0.0,77,6.0,-22.0,0.0,22.0,101.0,78.0,4
49,0.0,89,0.0,46.0,-10.0,40.0,42.0,2.0,1
45,-4.0,100,0.0,44.0,-4.0,54.0,56.0,2.0,1
37,0.0,79,0.0,16.0,12.0,42.0,63.0,22.0,1
44,4.0,79,0.0,44.0,25.0,35.0,35.0,0.0,1
37,0.0,104,0.0,26.0,-3.0,67.0,78.0,12.0,1
56,0.0,108,4.0,56.0,22.0,52.0,51.0,0.0,1
46,-5.0,77,-4.0,46.0,0.0,31.0,30.0,0.0,1
37,0.0,81,0.0,24.0,-13.0,44.0,57.0,14.0,1
49,0.0,81,0.0,50.0,-1.0,32.0,32.0,0.0,1
52,4.0,88,2.0,52.0,0.0,36.0,36.0,0.0,1
37,0.0,78,0.0,20.0,-2.0,41.0,57.0,16.0,1
53,0.0,82,0.0,52.0,-7.0,29.0,30.0,2.0,1
56,0.0,78,0.0,26.0,10.0,22.0,52.0,30.0,4
48,0.0,77,0.0,46.0,-5.0,29.0,31.0,2.0,1
55,0.0,77,0.0,16.0,-9.0,22.0,62.0,40.0,4
55,0.0,82,2.0,-10.0,0.0,26.0,92.0,66.0,4
37,0.0,77,-2.0,-12.0,-29.0,40.0,90.0,50.0,1
41,0.0,77,0.0,42.0,11.0,36.0,35.0,0.0,1
56,0.0,77,0.0,-22.0,-6.0,21.0,100.0,80.0,4
37,0.0,83,0.0,6.0,6.0,46.0,78.0,32.0,1
55,0.0,96,0.0,52.0,23.0,41.0,44.0,4.0,4
39,-1.0,76,4.0,38.0,0.0,37.0,37.0,0.0,1
37,0.0,104,0.0,30.0,-20.0,67.0,73.0,6.0,1
41,-1.0,79,-2.0,42.0,18.0,38.0,37.0,0.0,1
47,-4.0,76,0.0,46.0,0.0,30.0,30.0,0.0,1
45,0.0,88,0.0,46.0,31.0,43.0,41.0,0.0,1
56,2.0,83,0.0,54.0,-9.0,27.0,28.0,2.0,1
56,0.0,95,0.0,46.0,26.0,40.0,49.0,10.0,4
37,-3.0,81,0.0,36.0,-24.0,44.0,45.0,2.0,1
41,0.0,86,-1.0,42.0,12.0,45.0,44.0,0.0,1
41,0.0,81,0.0,42.0,4.0,40.0,40.0,0.0,1
53,0.0,82,0.0,52.0,-15.0,29.0,30.0,2.0,1
51,1.0,78,0.0,52.0,10.0,27.0,26.0,0.0,1
56,1.0,83,0.0,54.0,-6.0,27.0,29.0,2.0,1
101,0.0,102,0.0,72.0,0.0,1.0,30.0,28.0,5
56,0.0,95,0.0,50.0,-26.0,39.0,46.0,6.0,4
56,0.0,97,0.0,50.0,-1.0,41.0,48.0,6.0,4
37,0.0,105,-1.0,18.0,0.0,68.0,87.0,18.0,1
44,-1.0,108,0.0,42.0,-19.0,64.0,66.0,2.0,1
57,4.0,84,0.0,56.0,0.0,27.0,27.0,0.0,1
78,3.0,83,4.0,-42.0,-14.0,4.0,126.0,122.0,5
55,0.0,77,-2.0,8.0,-25.0,22.0,70.0,48.0,4
85,7.0,89,0.0,8.0,22.0,4.0,81.0,78.0,5
56,0.0,92,3.0,-2.0,0.0,36.0,94.0,58.0,4
44,0.0,82,0.0,44.0,17.0,38.0,38.0,0.0,1
55,0.0,95,-1.0,44.0,23.0,40.0,51.0,12.0,4
41,0.0,86,0.0,38.0,-28.0,45.0,47.0,2.0,1
37,0.0,78,0.0,18.0,15.0,41.0,60.0,18.0,1
56,1.0,107,0.0,56.0,1.0,51.0,50.0,0.0,1
46,0.0,76,4.0,46.0,0.0,30.0,29.0,0.0,1
37,0.0,78,0.0,16.0,11.0,42.0,63.0,22.0,1
44,0.0,77,7.0,44.0,7.0,34.0,34.0,0.0,1
45,0.0,81,-1.0,46.0,30.0,35.0,34.0,0.0,1
46,0.0,76,8.0,46.0,0.0,29.0,29.0,0.0,1
56,0.0,95,-7.0,38.0,-4.0,40.0,57.0,18.0,4
59,0.0,86,0.0,56.0,-3.0,27.0,29.0,2.0,1
81,0.0,85,0.0,-24.0,-4.0,4.0,111.0,108.0,5
51,0.0,80,0.0,52.0,11.0,29.0,28.0,0.0,1
55,0.0,93,0.0,50.0,8.0,37.0,44.0,6.0,4
56,1.0,86,0.0,56.0,13.0,30.0,29.0,0.0,1
50,0.0,86,0.0,50.0,-1.0,36.0,37.0,2.0,1
55,-4.0,81,0.0,-4.0,19.0,25.0,86.0,60.0,4
41,0.0,79,-2.0,42.0,0.0,38.0,37.0,0.0,1
43,1.0,81,0.0,42.0,0.0,38.0,39.0,2.0,1
47,0.0,90,1.0,46.0,0.0,44.0,44.0,0.0,1
56,0.0,77,0.0,-12.0,18.0,21.0,90.0,68.0,4
43,1.0,80,0.0,42.0,0.0,37.0,39.0,2.0,1
105,-1.0,106,2.0,70.0,0.0,2.0,36.0,34.0,5
56,0.0,81,0.0,-18.0,19.0,25.0,99.0,74.0,4
54,0.0,78,0.0,54.0,0.0,24.0,24.0,0.0,1
53,0.0,79,0.0,52.0,0.0,26.0,27.0,2.0,1
101,0.0,102,0.0,72.0,21.0,1.0,29.0,28.0,5
44,1.0,79,0.0,44.0,19.0,35.0,35.0,0.0,1
38,0.0,107,0.0,38.0,13.0,69.0,68.0,0.0,1
53,0.0,88,0.0,52.0,-2.0,35.0,36.0,2.0,1
49,-3.0,81,0.0,50.0,0.0,31.0,32.0,0.0,1
55,0.0,93,0.0,50.0,7.0,37.0,44.0,6.0,4
55,0.0,96,2.0,54.0,0.0,41.0,42.0,2.0,1
45,-3.0,83,0.0,44.0,-1.0,38.0,39.0,2.0,1
56,0.0,95,0.0,34.0,0.0,40.0,62.0,22.0,4
41,0.0,79,0.0,38.0,-23.0,38.0,41.0,2.0,1
56,-1.0,78,-4.0,26.0,-7.0,22.0,52.0,30.0,4
56,4.0,95,0.0,44.0,0.0,39.0,51.0,12.0,4
56,0.0,97,0.0,46.0,15.0,41.0,50.0,10.0,4
56,0.0,92,0.0,-2.0,0.0,36.0,94.0,58.0,4
57,0.0,81,-1.0,56.0,-2.0,24.0,24.0,0.0,1
55,0.0,96,1.0,44.0,4.0,41.0,52.0,12.0,4
38,-5.0,91,0.0,6.0,0.0,53.0,86.0,32.0,1
43,-3.0,99,0.0,42.0,0.0,56.0,58.0,2.0,1
50,-1.0,77,0.0,50.0,0.0,27.0,28.0,2.0,1
44,0.0,75,0.0,42.0,-23.0,31.0,34.0,2.0,1
50,0.0,83,-3.0,50.0,0.0,32.0,33.0,2.0,1
53,1.0,86,-2.0,54.0,2.0,32.0,32.0,0.0,1
55,0.0,82,1.0,54.0,0.0,27.0,28.0,0.0,1
48,-5.0,106,0.0,46.0,0.0,58.0,60.0,2.0,1
43,0.0,95,-6.0,42.0,-2.0,52.0,54.0,2.0,1
38,0.0,96,0.0,36.0,-26.0,58.0,60.0,2.0,1
55,0.0,93,0.0,54.0,10.0,38.0,39.0,0.0,1
44,0.0,86,6.0,44.0,0.0,42.0,42.0,0.0,1
56,0.0,79,0.0,12.0,3.0,23.0,66.0,42.0,4
55,0.0,96,0.0,46.0,-4.0,41.0,50.0,8.0,4
37,0.0,107,1.0,30.0,0.0,70.0,76.0,6.0,1
55,0.0,92,3.0,-4.0,4.0,36.0,97.0,60.0,4
48,-5.0,77,0.0,46.0,0.0,28.0,30.0,2.0,1
55,0.0,93,0.0,0.0,-10.0,38.0,93.0,56.0,4
45,-1.0,79,0.0,46.0,18.0,33.0,32.0,0.0,1
37,0.0,77,0.0,10.0,9.0,41.0,67.0,26.0,1
37,0.0,83,0.0,0.0,13.0,47.0,83.0,36.0,1
45,-3.0,83,1.0,46.0,14.0,38.0,37.0,0.0,1
46,0.0,79,0.0,46.0,2.0,33.0,32.0,0.0,1
44,-2.0,106,4.0,42.0,-29.0,63.0,65.0,2.0,1
55,0.0,77,0.0,18.0,-25.0,22.0,59.0,38.0,4
43,-5.0,79,0.0,42.0,-10.0,35.0,37.0,2.0,1
44,0.0,81,0.0,44.0,10.0,37.0,37.0,0.0,1
45,0.0,76,0.0,46.0,21.0,30.0,29.0,0.0,1
44,-2.0,92,-5.0,44.0,0.0,47.0,48.0,0.0,1
45,0.0,90,0.0,46.0,30.0,44.0,43.0,0.0,1
37,0.0,78,2.0,16.0,0.0,41.0,63.0,22.0,1
49,0.0,79,0.0,50.0,12.0,31.0,30.0,0.0,1
43,1.0,89,0.0,42.0,0.0,46.0,48.0,2.0,1
66,0.0,109,0.0,68.0,13.0,43.0,42.0,0.0,1
37,0.0,80,0.0,18.0,-2.0,43.0,62.0,18.0,1
85,-2.0,89,0.0,2.0,-2.0,4.0,86.0,82.0,5
55,-6.0,72,-4.0,0.0,0.0,17.0,72.0,56.0,4
52,-1.0,86,0.0,52.0,-2.0,33.0,34.0,0.0,1
45,0.0,81,-2.0,44.0,-15.0,36.0,37.0,2.0,1
37,0.0,80,-2.0,12.0,-7.0,43.0,67.0,24.0,1
56,-2.0,98,0.0,42.0,21.0,42.0,57.0,14.0,4
44,0.0,86,0.0,44.0,9.0,43.0,42.0,0.0,1
56,0.0,96,0.0,52.0,-12.0,40.0,44.0,4.0,4
42,-3.0,97,1.0,42.0,0.0,56.0,56.0,0.0,1
45,0.0,88,1.0,44.0,0.0,44.0,44.0,0.0,1
41,0.0,76,0.0,42.0,14.0,35.0,35.0,0.0,1
49,4.0,87,0.0,50.0,29.0,38.0,38.0,0.0,1
56,0.0,82,6.0,-12.0,-3.0,26.0,95.0,68.0,4
37,0.0,76,-5.0,34.0,10.0,39.0,42.0,2.0,1
54,-2.0,77,-4.0,54.0,0.0,24.0,23.0,0.0,1
79,0.0,83,0.0,-42.0,9.0,4.0,127.0,122.0,5
45,-4.0,84,0.0,44.0,0.0,39.0,40.0,0.0,1
56,0.0,76,0.0,-2.0,21.0,20.0,79.0,58.0,4
108,3.0,109,2.0,72.0,4.0,1.0,36.0,36.0,5
48,0.0,87,-1.0,46.0,-2.0,39.0,41.0,2.0,1
48,-4.0,77,0.0,46.0,-1.0,29.0,31.0,2.0,1
55,0.0,77,0.0,12.0,-18.0,22.0,65.0,42.0,4
45,1.0,90,0.0,44.0,0.0,44.0,46.0,2.0,1
50,1.0,86,0.0,50.0,0.0,35.0,37.0,2.0,1
44,0.0,76,5.0,44.0,5.0,32.0,32.0,0.0,1
53,3.0,83,0.0,52.0,-6.0,30.0,31.0,2.0,1
56,0.0,96,0.0,52.0,18.0,40.0,44.0,4.0,4
37,-2.0,83,-1.0,34.0,0.0,46.0,49.0,4.0,1
56,0.0,95,0.0,52.0,19.0,39.0,43.0,4.0,4
37,0.0,77,-1.0,34.0,-3.0,40.0,44.0,4.0,1
55,1.0,79,0.0,54.0,0.0,24.0,25.0,0.0,1
51,0.0,81,0.0,52.0,2.0,29.0,29.0,0.0,1
45,-1.0,76,-3.0,44.0,-5.0,31.0,32.0,2.0,1
48,0.0,102,-1.0,50.0,25.0,53.0,53.0,0.0,1
37,0.0,76,1.0,30.0,-30.0,40.0,45.0,6.0,1
37,0.0,76,0.0,34.0,-21.0,39.0,42.0,2.0,1
46,0.0,79,0.0,44.0,-13.0,33.0,35.0,2.0,1
45,0.0,82,-2.0,44.0,-3.0,37.0,38.0,0.0,1
101,0.0,102,0.0,70.0,-16.0,1.0,32.0,32.0,5
41,0.0,86,-5.0,38.0,0.0,46.0,48.0,2.0,1
37,0.0,97,-3.0,34.0,0.0,59.0,63.0,4.0,1
49,0.0,88,0.0,50.0,17.0,40.0,39.0,0.0,1
53,0.0,89,8.0,54.0,0.0,36.0,35.0,0.0,1
81,-1.0,84,0.0,-20.0,18.0,4.0,105.0,102.0,5
49,0.0,88,0.0,50.0,22.0,39.0,39.0,0.0,1
77,2.0,81,0.0,-40.0,0.0,4.0,123.0,118.0,5
41,0.0,75,0.0,38.0,-23.0,34.0,36.0,2.0,1
37,0.0,79,-1.0,28.0,17.0,42.0,50.0,8.0,1
49,0.0,86,1.0,50.0,16.0,38.0,37.0,0.0,1
50,3.0,88,0.0,50.0,0.0,38.0,39.0,0.0,1
41,-2.0,76,0.0,42.0,8.0,35.0,35.0,0.0,1
37,0.0,77,0.0,26.0,12.0,40.0,51.0,10.0,1
43,-2.0,85,0.0,42.0,-21.0,42.0,44.0,2.0,1
43,-1.0,75,0.0,44.0,15.0,32.0,31.0,0.0,1
38,1.0,77,1.0,38.0,11.0,39.0,38.0,0.0,1
42,-2.0,81,0.0,42.0,0.0,39.0,40.0,0.0,1
45,0.0,77,0.0,44.0,0.0,33.0,34.0,0.0,1
41,0.0,89,1.0,42.0,19.0,48.0,48.0,0.0,1
84,-3.0,88,0.0,2.0,0.0,3.0,85.0,82.0,5
55,0.0,82,0.0,-18.0,0.0,26.0,100.0,74.0,4
55,0.0,78,0.0,18.0,5.0,23.0,60.0,38.0,4
45,-1.0,86,0.0,46.0,9.0,40.0,39.0,0.0,1
49,-1.0,87,0.0,46.0,-9.0,38.0,41.0,2.0,1
37,0.0,78,0.0,30.0,-5.0,41.0,47.0,6.0,1
41,0.0,88,0.0,42.0,26.0,48.0,47.0,0.0,1
41,-1.0,88,0.0,38.0,-23.0,48.0,50.0,2.0,1
37,0.0,103,0.0,18.0,-18.0,66.0,85.0,18.0,1
82,0.0,86,0.0,-10.0,2.0,3.0,96.0,92.0,5
37,0.0,81,0.0,30.0,7.0,45.0,50.0,6.0,1
37,-10.0,106,-4.0,34.0,-7.0,69.0,72.0,4.0,1
45,0.0,86,1.0,44.0,-3.0,41.0,42.0,2.0,1
37,0.0,81,0.0,38.0,16.0,44.0,43.0,0.0,1
44,0.0,106,-6.0,44.0,4.0,61.0,62.0,0.0,1
55,0.0,81,0.0,-6.0,-29.0,25.0,88.0,64.0,4
55,0.0,80,-2.0,-2.0,12.0,25.0,83.0,58.0,4
42,-5.0,88,2.0,42.0,0.0,45.0,46.0,2.0,1
37,0.0,91,0.0,18.0,1.0,53.0,73.0,20.0,1
46,0.0,81,0.0,46.0,4.0,35.0,34.0,0.0,1
37,0.0,78,5.0,12.0,0.0,42.0,65.0,24.0,1
40,2.0,82,0.0,38.0,0.0,42.0,43.0,2.0,1
52,-2.0,90,0.0,52.0,0.0,38.0,38.0,0.0,1
46,4.0,76,0.0,46.0,10.0,30.0,29.0,0.0,1
37,0.0,107,-3.0,36.0,-4.0,69.0,71.0,2.0,1
46,3.0,86,7.0,46.0,0.0,40.0,39.0,0.0,1
44,0.0,80,-2.0,42.0,-15.0,36.0,39.0,2.0,1
53,0.0,88,5.0,54.0,1.0,34.0,33.0,0.0,1
42,0.0,78,-1.0,42.0,-2.0,36.0,37.0,2.0,1
49,0.0,106,-1.0,50.0,21.0,58.0,57.0,0.0,1
44,1.0,90,1.0,44.0,22.0,47.0,46.0,0.0,1
48,4.0,79,1.0,46.0,0.0,31.0,32.0,2.0,1
37,0.0,106,2.0,20.0,-7.0,69.0,85.0,16.0,1
45,-2.0,81,0.0,44.0,-19.0,36.0,37.0,2.0,1
37,0.0,79,-4.0,26.0,-17.0,42.0,53.0,10.0,1
76,0.0,80,-3.0,-40.0,25.0,4.0,121.0,116.0,5
49,0.0,85,0.0,46.0,-5.0,36.0,39.0,2.0,1
41,0.0,77,0.0,42.0,11.0,37.0,36.0,0.0,1
49,0.0,81,0.0,46.0,-8.0,33.0,35.0,2.0,1
56,0.0,96,0.0,38.0,-7.0,40.0,57.0,18.0,4
56,3.0,98,0.0,50.0,-30.0,42.0,49.0,6.0,4
39,-2.0,97,0.0,38.0,0.0,58.0,59.0,0.0,1
40,4.0,106,8.0,38.0,0.0,66.0,67.0,2.0,1
44,-6.0,83,0.0,44.0,0.0,38.0,39.0,0.0,1
43,0.0,76,9.0,42.0,-7.0,33.0,35.0,2.0,1
37,-1.0,76,-3.0,28.0,-7.0,39.0,47.0,8.0,1
37,0.0,76,0.0,24.0,-11.0,39.0,53.0,14.0,1
55,-1.0,98,0.0,42.0,-12.0,42.0,57.0,14.0,4
37,0.0,78,0.0,20.0,6.0,42.0,57.0,16.0,1
44,-2.0,93,-4.0,44.0,0.0,49.0,49.0,0.0,1
47,5.0,88,1.0,46.0,0.0,42.0,42.0,0.0,1
63,-5.0,111,0.0,62.0,0.0,49.0,49.0,0.0,1
37,0.0,92,-3.0,12.0,0.0,54.0,79.0,24.0,1
39,0.0,97,-1.0,38.0,0.0,58.0,58.0,0.0,1
37,0.0,82,0.0,16.0,21.0,45.0,66.0,22.0,1
45,0.0,83,0.0,44.0,-29.0,38.0,39.0,2.0,1
37,3.0,82,-8.0,34.0,0.0,45.0,48.0,4.0,1
43,-1.0,81,0.0,44.0,11.0,37.0,37.0,0.0,1
37,0.0,76,0.0,28.0,5.0,39.0,47.0,8.0,1
38,0.0,78,0.0,38.0,1.0,40.0,39.0,0.0,1
37,-2.0,79,0.0,24.0,0.0,42.0,55.0,14.0,1
56,1.0,96,0.0,52.0,-6.0,40.0,44.0,4.0,4
46,0.0,86,-2.0,46.0,-4.0,40.0,39.0,0.0,1
44,-1.0,79,0.0,44.0,10.0,35.0,35.0,0.0,1
47,5.0,76,0.0,46.0,0.0,29.0,30.0,0.0,1
44,-5.0,77,2.0,44.0,0.0,34.0,34.0,0.0,1
56,-3.0,78,11.0,-4.0,0.0,22.0,83.0,62.0,4
104,0.0,105,-4.0,72.0,1.0,1.0,33.0,32.0,5
40,0.0,80,0.0,38.0,-2.0,40.0,41.0,2.0,1
39,0.0,81,-2.0,38.0,-1.0,43.0,43.0,0.0,1
56,0.0,95,0.0,50.0,23.0,40.0,46.0,6.0,4
39,-2.0,77,0.0,38.0,0.0,38.0,38.0,0.0,1
37,0.0,77,-2.0,16.0,0.0,40.0,62.0,22.0,1
43,0.0,76,0.0,44.0,31.0,32.0,32.0,0.0,1
55,0.0,78,0.0,6.0,-13.0,23.0,73.0,50.0,4
89,-40.0,107,0.0,64.0,-18.0,18.0,42.0,24.0,3
48,-1.0,77,0.0,46.0,0.0,28.0,30.0,2.0,1
39,1.0,93,6.0,34.0,2.0,55.0,60.0,6.0,1
56,0.0,97,4.0,50.0,0.0,41.0,48.0,6.0,4
37,0.0,77,0.0,34.0,-19.0,40.0,43.0,2.0,1
55,0.0,95,0.0,36.0,-1.0,39.0,59.0,20.0,4
41,1.0,84,8.0,38.0,-1.0,43.0,45.0,2.0,1
56,0.0,95,0.0,54.0,-22.0,40.0,41.0,2.0,1
48,0.0,109,-2.0,46.0,0.0,61.0,63.0,2.0,1
37,-1.0,99,-3.0,28.0,-6.0,61.0,70.0,8.0,1
51,0.0,77,0.0,50.0,-26.0,26.0,28.0,2.0,1
37,5.0,86,0.0,36.0,0.0,49.0,50.0,0.0,1
58,0.0,87,6.0,56.0,0.0,30.0,30.0,0.0,1
43,0.0,77,0.0,42.0,0.0,34.0,36.0,2.0,1
45,0.0,86,0.0,46.0,24.0,41.0,40.0,0.0,1
56,0.0,95,0.0,54.0,-13.0,40.0,41.0,2.0,1
53,0.0,104,0.0,54.0,3.0,50.0,49.0,0.0,1
56,0.0,96,4.0,56.0,0.0,40.0,39.0,0.0,1
46,1.0,76,0.0,44.0,-19.0,30.0,32.0,2.0,1
46,0.0,82,0.0,46.0,5.0,36.0,35.0,0.0,1
56,5.0,95,0.0,52.0,0.0,40.0,44.0,4.0,4
56,0.0,88,0.0,54.0,-4.0,32.0,33.0,2.0,1
53,-1.0,87,0.0,52.0,-21.0,34.0,35.0,2.0,1
37,0.0,97,0.0,34.0,-20.0,60.0,64.0,4.0,1
52,0.0,81,0.0,54.0,31.0,28.0,26.0,0.0,1
42,-1.0,86,-6.0,42.0,0.0,43.0,44.0,2.0,1
44,5.0,79,0.0,42.0,-18.0,35.0,37.0,2.0,1
79,3.0,84,5.0,-40.0,3.0,4.0,125.0,120.0,5
53,4.0,87,0.0,54.0,1.0,34.0,33.0,0.0,1
39,5.0,79,-1.0,38.0,-2.0,40.0,40.0,0.0,1
41,0.0,77,0.0,42.0,14.0,37.0,36.0,0.0,1
55,0.0,79,-2.0,20.0,-6.0,24.0,59.0,34.0,4
57,-2.0,83,0.0,56.0,0.0,26.0,26.0,0.0,1
81,0.0,84,2.0,-12.0,19.0,4.0,97.0,94.0,5
37,0.0,81,0.0,24.0,-11.0,45.0,58.0,14.0,1
55,0.0,78,-1.0,6.0,-4.0,23.0,73.0,50.0,4
41,3.0,84,0.0,42.0,13.0,43.0,43.0,0.0,1
37,0.0,95,-6.0,16.0,24.0,58.0,80.0,22.0,1
46,2.0,83,0.0,46.0,9.0,37.0,36.0,0.0,1
50,0.0,83,0.0,50.0,-1.0,33.0,33.0,0.0,1
41,-2.0,75,0.0,42.0,0.0,34.0,34.0,0.0,1
37,0.0,82,0.0,36.0,0.0,45.0,46.0,0.0,1
51,-1.0,88,0.0,52.0,0.0,37.0,37.0,0.0,1
38,-4.0,78,0.0,38.0,0.0,40.0,39.0,0.0,1
55,0.0,95,-2.0,50.0,0.0,39.0,46.0,6.0,4
37,0.0,83,0.0,30.0,14.0,46.0,52.0,6.0,1
48,-2.0,88,0.0,46.0,-7.0,39.0,41.0,2.0,1
37,-1.0,82,-3.0,-2.0,19.0,45.0,85.0,40.0,1
41,0.0,88,0.0,42.0,6.0,47.0,47.0,0.0,1
37,0.0,77,-2.0,8.0,-12.0,41.0,70.0,28.0,1
51,-2.0,102,0.0,50.0,-15.0,51.0,53.0,2.0,1
45,0.0,87,0.0,46.0,17.0,42.0,41.0,0.0,1
37,-3.0,86,0.0,36.0,0.0,49.0,50.0,0.0,1
51,3.0,82,0.0,50.0,0.0,31.0,33.0,2.0,1
37,-1.0,79,0.0,20.0,-11.0,42.0,58.0,16.0,1
45,0.0,88,-12.0,46.0,-83.0,42.0,41.0,0.0,1
37,0.0,77,3.0,30.0,12.0,41.0,46.0,6.0,1
37,0.0,80,0.0,36.0,27.0,43.0,44.0,0.0,1
40,0.0,87,2.0,38.0,0.0,47.0,48.0,2.0,1
45,1.0,77,0.0,44.0,0.0,32.0,33.0,2.0,1
56,0.0,96,-1.0,50.0,-8.0,40.0,47.0,6.0,4
37,0.0,76,0.0,34.0,-10.0,40.0,43.0,2.0,1
38,2.0,90,0.0,38.0,19.0,52.0,51.0,0.0,1
37,3.0,82,0.0,36.0,0.0,45.0,46.0,2.0,1
37,0.0,79,0.0,10.0,-27.0,42.0,68.0,26.0,1
74,1.0,79,2.0,-42.0,0.0,4.0,123.0,118.0,5
79,-1.0,83,-8.0,436.0,1822.0,4.0,-353.0,-356.0,5
49,-1.0,86,-5.0,50.0,-7.0,37.0,37.0,0.0,1
37,0.0,77,5.0,34.0,-7.0,40.0,43.0,2.0,1
46,0.0,79,0.0,44.0,-28.0,34.0,35.0,2.0,1
53,0.0,86,0.0,54.0,25.0,33.0,32.0,0.0,1
41,-2.0,79,0.0,42.0,0.0,38.0,37.0,0.0,1
51,0.0,86,0.0,52.0,19.0,35.0,34.0,0.0,1
55,0.0,81,0.0,-10.0,-5.0,25.0,91.0,66.0,4
37,0.0,77,0.0,26.0,-16.0,41.0,52.0,10.0,1
46,0.0,81,0.0,46.0,1.0,35.0,35.0,0.0,1
55,0.0,92,-3.0,10.0,0.0,37.0,82.0,46.0,4
37,1.0,98,0.0,30.0,0.0,61.0,67.0,6.0,1
56,-1.0,86,-2.0,56.0,0.0,30.0,30.0,0.0,1
37,0.0,79,0.0,6.0,-30.0,42.0,74.0,32.0,1
80,0.0,84,0.0,-36.0,-8.0,4.0,120.0,116.0,5
45,0.0,81,0.0,46.0,21.0,35.0,34.0,0.0,1
50,0.0,111,1.0,50.0,0.0,61.0,62.0,0.0,1
46,0.0,79,0.0,46.0,13.0,33.0,32.0,0.0,1
37,0.0,81,0.0,-2.0,0.0,44.0,84.0,40.0,1
43,3.0,78,4.0,42.0,0.0,35.0,37.0,2.0,1
39,1.0,81,0.0,38.0,0.0,41.0,42.0,0.0,1
38,-5.0,109,-4.0,38.0,0.0,72.0,71.0,0.0,1
41,-1.0,77,0.0,38.0,-18.0,37.0,39.0,2.0,1
37,0.0,80,-5.0,16.0,0.0,43.0,65.0,22.0,1
56,-5.0,96,-2.0,56.0,0.0,40.0,39.0,0.0,1
46,1.0,77,0.0,46.0,9.0,32.0,31.0,0.0,1
42,0.0,81,2.0,42.0,0.0,39.0,39.0,0.0,1
37,0.0,108,-3.0,34.0,0.0,71.0,75.0,4.0,1
38,4.0,79,0.0,38.0,0.0,41.0,41.0,0.0,1
55,0.0,77,-3.0,10.0,2.0,22.0,67.0,46.0,4
53,-3.0,81,0.0,54.0,1.0,28.0,26.0,0.0,1
44,0.0,84,0.0,44.0,9.0,40.0,40.0,0.0,1
56,0.0,78,0.0,44.0,3.0,22.0,34.0,12.0,4
51,0.0,81,0.0,52.0,14.0,30.0,29.0,0.0,1
37,0.0,78,0.0,10.0,-15.0,42.0,68.0,26.0,1
37,0.0,77,0.0,34.0,25.0,40.0,43.0,2.0,1
55,0.0,82,0.0,-24.0,-30.0,26.0,108.0,82.0,4
49,0.0,87,0.0,50.0,10.0,38.0,38.0,0.0,1
38,-2.0,77,0.0,38.0,0.0,40.0,39.0,0.0,1
37,0.0,106,0.0,26.0,-6.0,69.0,80.0,12.0,1
49,0.0,88,0.0,46.0,-3.0,39.0,41.0,2.0,1
56,0.0,78,0.0,10.0,5.0,22.0,68.0,46.0,4
45,4.0,86,-1.0,44.0,0.0,40.0,42.0,2.0,1
56,5.0,86,0.0,56.0,17.0,31.0,30.0,0.0,1
41,0.0,76,-1.0,38.0,-17.0,35.0,37.0,2.0,1
37,0.0,75,0.0,36.0,23.0,38.0,39.0,0.0,1
42,-1.0,83,-4.0,42.0,0.0,41.0,41.0,0.0,1
37,0.0,75,0.0,24.0,14.0,38.0,52.0,14.0,1
46,0.0,86,-62.0,46.0,0.0,40.0,40.0,0.0,1
37,0.0,104,0.0,16.0,-6.0,67.0,88.0,22.0,1
55,0.0,95,-5.0,44.0,0.0,40.0,51.0,12.0,4
38,0.0,100,0.0,38.0,6.0,63.0,62.0,0.0,1
45,0.0,76,7.0,44.0,-3.0,31.0,32.0,2.0,1
51,0.0,78,0.0,50.0,-15.0,27.0,29.0,2.0,1
37,0.0,79,0.0,18.0,0.0,42.0,61.0,18.0,1
37,0.0,98,1.0,28.0,0.0,61.0,70.0,8.0,1
37,0.0,79,5.0,8.0,0.0,42.0,71.0,30.0,1
37,-4.0,76,0.0,38.0,3.0,39.0,37.0,0.0,1
37,1.0,90,0.0,28.0,4.0,53.0,62.0,8.0,1
41,0.0,86,0.0,38.0,-15.0,46.0,48.0,2.0,1
56,0.0,97,1.0,50.0,0.0,41.0,48.0,8.0,4
41,0.0,86,0.0,42.0,14.0,46.0,45.0,0.0,1
51,0.0,78,0.0,52.0,22.0,27.0,26.0,0.0,1
51,4.0,83,-1.0,50.0,-2.0,32.0,33.0,2.0,1
46,0.0,81,1.0,46.0,0.0,34.0,34.0,0.0,1
43,-4.0,81,6.0,42.0,-11.0,38.0,40.0,2.0,1
44,-3.0,83,0.0,44.0,5.0,40.0,39.0,0.0,1
55,0.0,77,0.0,6.0,-6.0,22.0,72.0,50.0,4
37,0.0,83,0.0,-2.0,0.0,47.0,86.0,40.0,1
50,1.0,86,-1.0,50.0,0.0,36.0,37.0,0.0,1
37,0.0,79,0.0,8.0,-11.0,42.0,71.0,28.0,1
55,0.0,76,0.0,-12.0,6.0,21.0,89.0,68.0,4
56,0.0,82,0.0,56.0,1.0,26.0,25.0,0.0,1
41,0.0,81,0.0,42.0,11.0,40.0,40.0,0.0,1
44,4.0,79,0.0,42.0,-17.0,35.0,37.0,2.0,1
45,0.0,85,0.0,44.0,-24.0,40.0,41.0,2.0,1
37,0.0,82,3.0,20.0,1.0,45.0,61.0,16.0,1
80,0.0,84,-2.0,-40.0,3.0,4.0,125.0,122.0,5
37,0.0,106,0.0,28.0,7.0,68.0,77.0,8.0,1
44,1.0,78,0.0,42.0,-30.0,34.0,37.0,2.0,1
49,0.0,86,0.0,46.0,-21.0,37.0,39.0,2.0,1
55,-2.0,81,0.0,-10.0,-2.0,26.0,92.0,66.0,4
45,0.0,84,0.0,44.0,0.0,40.0,41.0,2.0,1
46,1.0,88,2.0,46.0,11.0,42.0,41.0,0.0,1
50,-1.0,87,1.0,50.0,0.0,37.0,38.0,0.0,1
49,3.0,83,0.0,46.0,-2.0,34.0,37.0,2.0,1
37,0.0,76,0.0,24.0,26.0,39.0,52.0,14.0,1
38,2.0,94,0.0,36.0,0.0,56.0,58.0,2.0,1
37,0.0,84,0.0,28.0,3.0,47.0,55.0,8.0,1
51,0.0,86,-1.0,52.0,0.0,35.0,35.0,0.0,1
49,0.0,86,1.0,50.0,21.0,38.0,37.0,0.0,1
45,0.0,86,1.0,44.0,-4.0,41.0,42.0,2.0,1
55,0.0,97,0.0,44.0,-18.0,41.0,53.0,12.0,4
41,0.0,79,0.0,42.0,9.0,39.0,38.0,0.0,1
37,0.0,106,0.0,36.0,1.0,68.0,69.0,2.0,1
37,0.0,77,0.0,34.0,15.0,40.0,43.0,2.0,1
56,-1.0,97,0.0,50.0,31.0,41.0,48.0,6.0,4
102,0.0,103,1.0,72.0,19.0,1.0,31.0,30.0,5
37,0.0,79,0.0,10.0,78.0,42.0,69.0,26.0,1
41,5.0,102,0.0,42.0,9.0,61.0,60.0,0.0,1
42,2.0,102,0.0,42.0,0.0,60.0,61.0,2.0,1
41,0.0,87,1.0,38.0,-16.0,46.0,48.0,2.0,1
56,0.0,76,0.0,-18.0,-10.0,20.0,94.0,74.0,4
42,3.0,76,-3.0,42.0,0.0,35.0,35.0,0.0,1
49,0.0,106,-5.0,46.0,-13.0,58.0,60.0,2.0,1
51,0.0,86,-6.0,52.0,0.0,35.0,35.0,0.0,1
46,4.0,77,0.0,44.0,-8.0,32.0,34.0,2.0,1
37,-2.0,76,0.0,36.0,-10.0,38.0,39.0,2.0,1
41,1.0,84,0.0,42.0,13.0,43.0,43.0,0.0,1
41,-3.0,82,1.0,42.0,0.0,41.0,41.0,0.0,1
51,1.0,81,0.0,52.0,27.0,30.0,30.0,0.0,1
37,0.0,79,-6.0,12.0,1.0,42.0,66.0,24.0,1
37,0.0,77,0.0,-10.0,-13.0,41.0,88.0,46.0,1
37,3.0,80,0.0,34.0,4.0,43.0,46.0,4.0,1
45,0.0,83,-2.0,44.0,-3.0,38.0,39.0,2.0,1
55,0.0,81,0.0,-20.0,25.0,26.0,102.0,76.0,4
37,0.0,79,0.0,10.0,-2.0,43.0,69.0,26.0,1
45,0.0,78,0.0,44.0,-25.0,33.0,34.0,2.0,1
56,0.0,92,0.0,46.0,-18.0,36.0,46.0,10.0,4
41,0.0,79,-3.0,38.0,-12.0,39.0,41.0,2.0,1
37,0.0,79,-4.0,10.0,0.0,43.0,69.0,26.0,1
45,0.0,82,-59.0,44.0,0.0,37.0,38.0,0.0,1
38,-3.0,76,0.0,38.0,0.0,38.0,37.0,0.0,1
49,4.0,88,0.0,46.0,-7.0,40.0,42.0,2.0,1
37,0.0,93,0.0,10.0,-2.0,56.0,83.0,28.0,1
55,0.0,97,0.0,46.0,-11.0,41.0,50.0,8.0,4
37,0.0,76,-3.0,28.0,-13.0,39.0,47.0,8.0,1
105,-3.0,107,-6.0,70.0,0.0,2.0,37.0,36.0,5
58,-4.0,108,0.0,56.0,-4.0,49.0,51.0,2.0,1
38,3.0,79,0.0,36.0,-7.0,41.0,43.0,2.0,1
43,4.0,78,0.0,42.0,0.0,35.0,37.0,2.0,1
41,0.0,84,1.0,38.0,-4.0,43.0,45.0,2.0,1
44,1.0,79,0.0,42.0,-22.0,35.0,37.0,2.0,1
45,0.0,81,0.0,44.0,0.0,36.0,37.0,2.0,1
41,-1.0,82,0.0,38.0,-4.0,41.0,43.0,2.0,1
37,0.0,99,0.0,30.0,3.0,61.0,68.0,6.0,1
39,1.0,93,0.0,36.0,13.0,54.0,57.0,2.0,1
42,-3.0,86,-1.0,42.0,-2.0,44.0,44.0,0.0,1
51,-4.0,84,0.0,50.0,-20.0,33.0,35.0,2.0,1
55,-11.0,77,0.0,-2.0,0.0,22.0,79.0,58.0,4
55,0.0,94,1.0,18.0,-2.0,39.0,76.0,38.0,4
85,0.0,88,0.0,6.0,11.0,3.0,83.0,80.0,5
36,-5.0,76,0.0,36.0,0.0,40.0,40.0,0.0,1
55,0.0,79,0.0,26.0,9.0,23.0,53.0,30.0,4
43,0.0,86,-6.0,42.0,0.0,43.0,45.0,2.0,1
55,0.0,79,0.0,20.0,-25.0,24.0,59.0,34.0,4
56,-3.0,97,0.0,44.0,5.0,41.0,53.0,12.0,4
44,-3.0,79,0.0,44.0,0.0,36.0,35.0,0.0,1
40,0.0,86,0.0,38.0,-1.0,45.0,47.0,2.0,1
40,0.0,79,6.0,38.0,0.0,39.0,40.0,2.0,1
37,-1.0,80,-1.0,34.0,297.0,43.0,46.0,2.0,1
37,0.0,78,0.0,6.0,0.0,42.0,73.0,32.0,1
44,5.0,81,0.0,42.0,-21.0,38.0,40.0,2.0,1
37,0.0,104,0.0,34.0,4.0,67.0,71.0,4.0,1
55,-2.0,79,0.0,26.0,0.0,23.0,53.0,30.0,4
56,0.0,97,8.0,50.0,0.0,41.0,48.0,6.0,4
51,-4.0,81,0.0,52.0,15.0,30.0,30.0,0.0,1
37,-1.0,76,-6.0,36.0,-9.0,39.0,40.0,0.0,1
37,0.0,97,0.0,30.0,18.0,60.0,66.0,6.0,1
55,0.0,77,0.0,26.0,-9.0,22.0,52.0,30.0,4
37,0.0,77,0.0,36.0,30.0,40.0,41.0,2.0,1
46,0.0,86,-88.0,46.0,0.0,40.0,40.0,0.0,1
51,-1.0,84,0.0,50.0,-4.0,34.0,35.0,2.0,1
37,0.0,79,0.0,16.0,-22.0,43.0,64.0,22.0,1
62,0.0,109,0.0,62.0,2.0,47.0,47.0,0.0,1
47,4.0,82,-1.0,46.0,0.0,34.0,35.0,0.0,1
55,0.0,81,-1.0,-14.0,0.0,26.0,97.0,70.0,4
38,-5.0,90,0.0,6.0,0.0,52.0,85.0,34.0,1
45,-2.0,88,-7.0,44.0,0.0,43.0,44.0,0.0,1
56,0.0,77,0.0,10.0,6.0,22.0,67.0,46.0,4
42,0.0,81,4.0,42.0,0.0,40.0,40.0,0.0,1
45,-1.0,88,0.0,44.0,-16.0,43.0,44.0,2.0,1
54,-4.0,79,0.0,54.0,0.0,25.0,24.0,0.0,1
55,2.0,81,0.0,54.0,0.0,26.0,27.0,0.0,1
46,0.0,89,7.0,46.0,0.0,43.0,42.0,0.0,1
37,0.0,92,0.0,16.0,15.0,54.0,76.0,22.0,1
56,0.0,107,-4.0,54.0,-16.0,51.0,53.0,2.0,1
51,-3.0,84,4.0,52.0,1.0,33.0,32.0,0.0,1
44,0.0,81,-1.0,42.0,-27.0,37.0,39.0,2.0,1
41,0.0,81,0.0,42.0,7.0,40.0,39.0,0.0,1
52,-2.0,90,-1.0,52.0,-1.0,37.0,38.0,0.0,1
55,0.0,82,0.0,-36.0,-9.0,26.0,118.0,92.0,4
44,3.0,86,7.0,42.0,-27.0,43.0,45.0,2.0,1
38,0.0,102,0.0,36.0,15.0,65.0,66.0,2.0,1
37,-4.0,76,-3.0,20.0,-7.0,39.0,55.0,16.0,1
55,0.0,77,0.0,26.0,-1.0,21.0,51.0,30.0,4
55,0.0,95,0.0,44.0,-12.0,40.0,51.0,12.0,4
37,-1.0,100,-4.0,30.0,-7.0,64.0,69.0,6.0,1
82,0.0,87,3.0,-40.0,1.0,5.0,128.0,124.0,5
57,1.0,86,0.0,56.0,0.0,29.0,30.0,0.0,1
45,0.0,78,-1.0,44.0,-5.0,33.0,34.0,2.0,1
37,0.0,77,-1.0,-10.0,7.0,40.0,87.0,46.0,1
38,3.0,86,0.0,38.0,0.0,48.0,48.0,0.0,1
37,0.0,77,7.0,34.0,-6.0,41.0,44.0,2.0,1
55,0.0,96,0.0,50.0,0.0,41.0,47.0,6.0,4
51,0.0,83,2.0,50.0,-1.0,32.0,33.0,2.0,1
37,0.0,83,0.0,8.0,2.0,46.0,75.0,30.0,1
37,0.0,95,0.0,8.0,-8.0,58.0,87.0,30.0,1
42,0.0,79,-19.0,42.0,0.0,36.0,37.0,2.0,1
43,0.0,83,-2.0,44.0,24.0,40.0,39.0,0.0,1
51,0.0,77,0.0,52.0,16.0,26.0,25.0,0.0,1
49,4.0,78,0.0,50.0,21.0,29.0,29.0,0.0,1
37,0.0,104,0.0,28.0,14.0,67.0,75.0,8.0,1
45,-2.0,76,0.0,44.0,-11.0,31.0,32.0,2.0,1
37,-1.0,75,0.0,36.0,0.0,38.0,39.0,0.0,1
42,-5.0,78,0.0,42.0,0.0,37.0,37.0,0.0,1
37,0.0,77,0.0,36.0,-17.0,40.0,41.0,2.0,1
37,0.0,76,0.0,28.0,14.0,39.0,47.0,8.0,1
44,0.0,81,0.0,42.0,-12.0,38.0,40.0,2.0,1
41,0.0,77,0.0,42.0,10.0,36.0,36.0,0.0,1
41,0.0,78,0.0,42.0,29.0,37.0,37.0,0.0,1
49,1.0,82,0.0,50.0,1.0,33.0,33.0,0.0,1
59,-4.0,84,0.0,60.0,0.0,25.0,24.0,0.0,1
55,0.0,96,0.0,42.0,-18.0,41.0,55.0,14.0,4
56,0.0,82,2.0,-14.0,-20.0,26.0,97.0,72.0,4
37,0.0,77,0.0,-18.0,-9.0,40.0,95.0,54.0,1
53,0.0,84,0.0,54.0,7.0,31.0,30.0,0.0,1
55,-4.0,97,0.0,50.0,0.0,42.0,48.0,6.0,4
43,-1.0,109,-4.0,42.0,-5.0,66.0,67.0,2.0,1
37,-2.0,86,0.0,36.0,0.0,49.0,50.0,0.0,1
41,1.0,81,0.0,38.0,-24.0,39.0,42.0,2.0,1
37,0.0,80,2.0,16.0,18.0,43.0,65.0,22.0,1
49,1.0,88,0.0,46.0,-30.0,39.0,41.0,2.0,1
78,0.0,83,3.0,-46.0,0.0,4.0,129.0,124.0,5
37,-1.0,79,0.0,28.0,1.0,42.0,50.0,8.0,1
50,-5.0,80,0.0,50.0,0.0,30.0,31.0,2.0,1
101,0.0,102,0.0,72.0,9.0,1.0,29.0,28.0,5
55,0.0,77,0.0,-6.0,-10.0,21.0,85.0,64.0,4
37,0.0,81,0.0,26.0,-27.0,44.0,55.0,10.0,1
56,1.0,81,0.0,-6.0,-19.0,25.0,88.0,64.0,4
37,-2.0,76,-7.0,36.0,0.0,40.0,40.0,0.0,1
56,0.0,79,0.0,56.0,6.0,22.0,22.0,0.0,1
81,0.0,84,0.0,-12.0,7.0,3.0,97.0,94.0,5
41,0.0,79,5.0,38.0,-12.0,38.0,40.0,2.0,1
37,0.0,95,-4.0,18.0,0.0,57.0,77.0,20.0,1
47,0.0,83,-1.0,46.0,-2.0,35.0,36.0,0.0,1
37,0.0,84,0.0,30.0,1.0,47.0,53.0,6.0,1
79,0.0,84,2.0,-38.0,0.0,4.0,123.0,118.0,5
41,0.0,79,0.0,42.0,17.0,39.0,38.0,0.0,1
55,0.0,96,0.0,42.0,-26.0,41.0,55.0,14.0,4
37,0.0,103,0.0,18.0,-6.0,66.0,85.0,18.0,1
47,-2.0,84,-2.0,46.0,-4.0,37.0,37.0,0.0,1
37,-2.0,86,0.0,36.0,-20.0,48.0,50.0,2.0,1
46,0.0,85,-1.0,46.0,-2.0,39.0,39.0,0.0,1
37,0.0,75,0.0,34.0,9.0,38.0,41.0,2.0,1
49,0.0,86,0.0,50.0,30.0,38.0,37.0,0.0,1
81,0.0,84,0.0,-20.0,8.0,4.0,105.0,102.0,5
52,4.0,79,6.0,52.0,0.0,27.0,27.0,0.0,1
45,-5.0,100,0.0,44.0,0.0,55.0,56.0,0.0,1
55,0.0,77,0.0,2.0,-7.0,22.0,75.0,52.0,4
45,0.0,88,0.0,46.0,8.0,42.0,41.0,0.0,1
37,0.0,75,0.0,36.0,25.0,37.0,39.0,2.0,1
39,-1.0,100,0.0,38.0,0.0,62.0,62.0,0.0,1
55,0.0,77,0.0,-28.0,-6.0,21.0,105.0,84.0,4
37,0.0,80,0.0,20.0,-25.0,43.0,59.0,16.0,1
49,4.0,81,0.0,50.0,6.0,32.0,32.0,0.0,1
46,0.0,88,0.0,46.0,6.0,43.0,42.0,0.0,1
51,0.0,82,0.0,50.0,-30.0,31.0,33.0,2.0,1
56,2.0,99,0.0,46.0,0.0,42.0,52.0,10.0,4
104,-4.0,105,-2.0,70.0,0.0,1.0,35.0,34.0,5
51,0.0,86,0.0,52.0,30.0,36.0,35.0,0.0,1
37,0.0,106,17.0,28.0,0.0,69.0,77.0,8.0,1
56,-5.0,79,0.0,56.0,0.0,22.0,22.0,0.0,1
56,0.0,96,0.0,50.0,-15.0,40.0,47.0,6.0,4
39,4.0,78,1.0,38.0,0.0,39.0,39.0,0.0,1
45,0.0,79,-1.0,44.0,-13.0,33.0,35.0,2.0,1
45,0.0,82,-30.0,44.0,0.0,37.0,38.0,0.0,1
41,0.0,82,-5.0,38.0,-4.0,41.0,43.0,2.0,1
48,0.0,83,-2.0,46.0,0.0,35.0,37.0,2.0,1
46,-5.0,109,0.0,46.0,0.0,64.0,63.0,0.0,1
53,3.0,81,0.0,54.0,17.0,28.0,27.0,0.0,1
46,4.0,87,0.0,44.0,-14.0,41.0,43.0,2.0,1
81,1.0,84,0.0,-14.0,6.0,3.0,100.0,96.0,5
37,0.0,81,0.0,28.0,-7.0,45.0,53.0,8.0,1
48,0.0,82,-7.0,46.0,0.0,34.0,35.0,2.0,1
42,0.0,79,0.0,42.0,5.0,37.0,37.0,0.0,1
37,0.0,82,0.0,-2.0,2.0,45.0,85.0,40.0,1
49,-2.0,79,-1.0,50.0,0.0,30.0,30.0,0.0,1
56,0.0,79,0.0,-22.0,2.0,24.0,103.0,80.0,4
37,-4.0,104,0.0,38.0,0.0,67.0,66.0,0.0,1
46,0.0,81,4.0,46.0,0.0,35.0,34.0,0.0,1
56,-1.0,79,-3.0,-22.0,15.0,24.0,103.0,80.0,4
43,-5.0,79,-1.0,42.0,4.0,36.0,38.0,2.0,1
37,-2.0,82,0.0,38.0,5.0,45.0,43.0,0.0,1
46,0.0,84,0.0,44.0,-21.0,38.0,40.0,2.0,1
49,0.0,88,-4.0,46.0,-10.0,40.0,42.0,2.0,1
48,0.0,78,2.0,46.0,0.0,30.0,32.0,2.0,1
37,0.0,79,7.0,16.0,14.0,42.0,63.0,22.0,1
39,0.0,76,-5.0,38.0,0.0,38.0,37.0,0.0,1
39,0.0,79,-1.0,38.0,0.0,40.0,40.0,0.0,1
51,-2.0,79,0.0,50.0,-12.0,28.0,30.0,2.0,1
37,2.0,76,0.0,38.0,28.0,39.0,37.0,0.0,1
55,0.0,79,0.0,8.0,-2.0,23.0,71.0,48.0,4
37,-5.0,76,0.0,38.0,9.0,38.0,37.0,0.0,1
55,-2.0,81,0.0,54.0,-8.0,26.0,27.0,2.0,1
43,-5.0,86,-1.0,42.0,0.0,43.0,44.0,2.0,1
55,-2.0,97,-2.0,46.0,-4.0,42.0,51.0,8.0,4
36,-1.0,83,4.0,36.0,0.0,46.0,46.0,0.0,1
37,0.0,80,0.0,0.0,15.0,43.0,80.0,36.0,1
53,0.0,88,6.0,52.0,-25.0,35.0,36.0,2.0,1
85,1.0,88,0.0,2.0,7.0,3.0,86.0,82.0,5
56,0.0,97,8.0,46.0,0.0,41.0,50.0,10.0,4
37,0.0,74,-2.0,24.0,13.0,37.0,51.0,14.0,1
38,1.0,102,-1.0,34.0,0.0,65.0,69.0,4.0,1
77,-36.0,88,-3.0,8.0,0.0,11.0,81.0,70.0,3
37,0.0,77,0.0,38.0,13.0,39.0,38.0,0.0,1
41,1.0,78,0.0,42.0,1.0,37.0,37.0,0.0,1
47,1.0,86,3.0,46.0,0.0,39.0,40.0,0.0,1
55,0.0,96,0.0,50.0,-7.0,41.0,47.0,6.0,4
56,-1.0,95,-2.0,42.0,0.0,40.0,54.0,14.0,4
37,0.0,82,0.0,10.0,-13.0,45.0,72.0,26.0,1
56,0.0,92,0.0,52.0,9.0,36.0,40.0,4.0,4
52,-2.0,81,0.0,52.0,-2.0,29.0,30.0,0.0,1
45,5.0,87,0.0,44.0,0.0,42.0,43.0,2.0,1
37,-1.0,81,0.0,36.0,-13.0,43.0,44.0,2.0,1
37,0.0,79,-2.0,36.0,-1.0,41.0,43.0,2.0,1
37,0.0,76,0.0,36.0,-23.0,39.0,40.0,2.0,1
46,0.0,77,1.0,46.0,2.0,32.0,31.0,0.0,1
37,0.0,76,0.0,34.0,-7.0,40.0,43.0,2.0,1
41,0.0,86,0.0,42.0,8.0,45.0,45.0,0.0,1
49,0.0,76,-4.0,50.0,8.0,27.0,27.0,0.0,1
43,0.0,75,-1.0,42.0,-1.0,32.0,34.0,2.0,1
45,0.0,88,0.0,44.0,-16.0,42.0,44.0,2.0,1
53,0.0,86,0.0,52.0,-9.0,33.0,35.0,2.0,1
55,-4.0,81,0.0,54.0,0.0,25.0,26.0,2.0,1
37,1.0,79,0.0,34.0,8.0,41.0,45.0,4.0,1
41,3.0,81,0.0,42.0,19.0,39.0,39.0,0.0,1
56,0.0,81,-2.0,-12.0,-3.0,25.0,94.0,68.0,4
43,-1.0,84,0.0,42.0,-9.0,41.0,43.0,2.0,1
37,0.0,79,0.0,6.0,28.0,42.0,74.0,32.0,1
53,-5.0,88,0.0,54.0,9.0,35.0,33.0,0.0,1
46,1.0,81,2.0,46.0,7.0,35.0,34.0,0.0,1
45,0.0,86,6.0,44.0,-19.0,41.0,42.0,2.0,1
55,4.0,81,0.0,54.0,0.0,25.0,26.0,2.0,1
49,1.0,90,0.0,50.0,0.0,41.0,41.0,0.0,1
47,-3.0,106,0.0,46.0,0.0,60.0,60.0,0.0,1
55,0.0,96,0.0,50.0,-15.0,41.0,47.0,6.0,4
38,1.0,105,0.0,36.0,-10.0,67.0,69.0,2.0,1
56,2.0,77,-6.0,24.0,0.0,22.0,54.0,32.0,4
48,0.0,86,0.0,46.0,-10.0,38.0,40.0,2.0,1
44,0.0,83,0.0,44.0,14.0,39.0,39.0,0.0,1
45,0.0,84,-7.0,44.0,0.0,39.0,40.0,0.0,1
43,0.0,87,0.0,42.0,-4.0,44.0,46.0,2.0,1
50,-3.0,89,-4.0,50.0,0.0,39.0,40.0,0.0,1
41,0.0,88,-3.0,38.0,-15.0,48.0,50.0,2.0,1
41,0.0,78,0.0,38.0,-31.0,37.0,39.0,2.0,1
45,5.0,76,0.0,44.0,0.0,31.0,32.0,0.0,1
55,0.0,83,2.0,-30.0,4.0,27.0,114.0,86.0,4
45,1.0,86,0.0,44.0,-5.0,41.0,42.0,2.0,1
41,0.0,87,0.0,42.0,21.0,46.0,46.0,0.0,1
45,3.0,86,0.0,44.0,0.0,41.0,42.0,2.0,1
49,-1.0,84,0.0,46.0,-20.0,36.0,38.0,2.0,1
46,0.0,93,0.0,44.0,-27.0,48.0,50.0,2.0,1
39,-3.0,86,0.0,38.0,0.0,46.0,47.0,0.0,1
44,-2.0,82,0.0,42.0,-24.0,38.0,41.0,2.0,1
44,0.0,83,0.0,44.0,7.0,39.0,39.0,0.0,1
45,-1.0,76,0.0,44.0,-13.0,31.0,32.0,2.0,1
42,0.0,88,-2.0,42.0,0.0,46.0,46.0,0.0,1
37,0.0,74,0.0,26.0,-10.0,38.0,48.0,10.0,1
55,0.0,92,0.0,-4.0,8.0,36.0,97.0,60.0,4
43,0.0,83,-2.0,42.0,-3.0,40.0,42.0,2.0,1
38,1.0,79,0.0,38.0,12.0,41.0,40.0,0.0,1
41,0.0,81,-2.0,42.0,-4.0,40.0,40.0,0.0,1
51,-2.0,78,0.0,50.0,-12.0,27.0,29.0,2.0,1
49,0.0,81,0.0,46.0,-7.0,32.0,34.0,2.0,1
55,0.0,96,0.0,46.0,13.0,41.0,50.0,8.0,4
56,0.0,93,-4.0,50.0,0.0,37.0,44.0,6.0,4
45,0.0,81,0.0,44.0,-11.0,36.0,37.0,2.0,1
55,0.0,93,0.0,50.0,-1.0,38.0,44.0,6.0,4
45,4.0,84,0.0,44.0,0.0,40.0,41.0,2.0,1
48,0.0,89,2.0,46.0,-8.0,41.0,42.0,2.0,1
57,1.0,106,0.0,56.0,0.0,50.0,49.0,0.0,1
41,0.0,82,-5.0,42.0,26.0,41.0,41.0,0.0,1
38,0.0,90,5.0,8.0,0.0,52.0,82.0,30.0,1
39,-1.0,77,-6.0,38.0,-10.0,38.0,38.0,0.0,1
43,-1.0,76,0.0,42.0,-19.0,33.0,35.0,2.0,1
52,-1.0,88,0.0,52.0,0.0,36.0,36.0,0.0,1
55,0.0,95,0.0,34.0,-17.0,40.0,62.0,22.0,4
37,0.0,75,-6.0,24.0,0.0,38.0,52.0,14.0,1
56,0.0,77,8.0,24.0,0.0,22.0,54.0,32.0,4
56,0.0,81,0.0,-14.0,-4.0,25.0,97.0,72.0,4
37,0.0,80,0.0,6.0,-4.0,43.0,75.0,32.0,1
46,0.0,80,0.0,46.0,11.0,34.0,34.0,0.0,1
45,0.0,83,0.0,44.0,3.0,38.0,39.0,0.0,1
53,1.0,88,0.0,52.0,-11.0,35.0,36.0,2.0,1
37,0.0,100,0.0,34.0,-1.0,64.0,67.0,4.0,1
41,1.0,78,0.0,42.0,2.0,37.0,37.0,0.0,1
50,2.0,82,0.0,50.0,0.0,32.0,33.0,0.0,1
43,0.0,81,-3.0,42.0,-15.0,37.0,39.0,2.0,1
55,0.0,76,-1.0,-10.0,13.0,21.0,86.0,66.0,4
37,-2.0,104,0.0,20.0,-30.0,67.0,83.0,16.0,1
81,-3.0,86,0.0,-22.0,0.0,4.0,109.0,104.0,5
40,-5.0,87,0.0,38.0,0.0,47.0,48.0,2.0,1
56,2.0,79,0.0,56.0,18.0,24.0,23.0,0.0,1
41,-1.0,108,-1.0,38.0,-18.0,67.0,69.0,2.0,1
37,0.0,76,7.0,24.0,4.0,39.0,53.0,14.0,1
52,0.0,86,0.0,52.0,-11.0,33.0,34.0,0.0,1
42,0.0,79,5.0,42.0,0.0,37.0,38.0,2.0,1
51,-3.0,86,0.0,52.0,23.0,36.0,35.0,0.0,1
46,-3.0,88,2.0,46.0,0.0,41.0,41.0,0.0,1
45,0.0,81,-1.0,44.0,-12.0,36.0,37.0,2.0,1
37,0.0,93,0.0,12.0,31.0,55.0,80.0,24.0,1
81,-2.0,84,0.0,-18.0,-30.0,4.0,103.0,98.0,5
80,-4.0,84,0.0,-14.0,0.0,4.0,99.0,96.0,5
41,-1.0,80,0.0,42.0,12.0,39.0,39.0,0.0,1
51,0.0,109,0.0,50.0,-1.0,59.0,60.0,2.0,1
55,0.0,86,0.0,54.0,-7.0,30.0,32.0,2.0,1
39,4.0,86,0.0,38.0,0.0,47.0,47.0,0.0,1
55,0.0,93,0.0,38.0,-8.0,37.0,54.0,16.0,4
37,0.0,82,0.0,16.0,13.0,45.0,66.0,22.0,1
48,0.0,79,2.0,46.0,0.0,31.0,32.0,2.0,1
53,0.0,87,6.0,54.0,19.0,34.0,33.0,0.0,1
45,0.0,86,-1.0,44.0,-7.0,41.0,42.0,2.0,1
55,0.0,77,0.0,42.0,-8.0,22.0,36.0,14.0,4
43,0.0,77,6.0,42.0,0.0,34.0,35.0,2.0,1
55,0.0,83,1.0,-30.0,8.0,27.0,114.0,86.0,4
45,1.0,76,0.0,44.0,-3.0,30.0,32.0,2.0,1
37,0.0,76,7.0,34.0,0.0,40.0,43.0,2.0,1
55,0.0,92,0.0,26.0,-2.0,36.0,66.0,30.0,4
53,0.0,81,0.0,54.0,120.0,27.0,26.0,0.0,1
39,-2.0,76,0.0,38.0,0.0,37.0,37.0,0.0,1
42,3.0,83,0.0,42.0,0.0,41.0,42.0,0.0,1
55,-5.0,77,0.0,0.0,0.0,22.0,77.0,56.0,4
37,0.0,106,0.0,24.0,-16.0,69.0,83.0,14.0,1
55,0.0,77,0.0,-30.0,-6.0,22.0,108.0,86.0,4
40,1.0,102,0.0,38.0,0.0,61.0,63.0,2.0,1
49,0.0,88,0.0,46.0,-16.0,40.0,42.0,2.0,1
56,0.0,81,6.0,6.0,7.0,25.0,75.0,50.0,4
37,0.0,105,-7.0,24.0,0.0,68.0,82.0,14.0,1
37,3.0,83,-2.0,34.0,0.0,45.0,49.0,4.0,1
37,0.0,106,3.0,28.0,-41.0,69.0,78.0,8.0,1
37,0.0,97,0.0,34.0,-10.0,60.0,64.0,4.0,1
76,0.0,80,0.0,-40.0,0.0,4.0,121.0,116.0,5
37,0.0,75,0.0,18.0,-25.0,38.0,57.0,18.0,1
55,0.0,96,0.0,52.0,-28.0,41.0,44.0,4.0,4
51,-1.0,84,1.0,52.0,0.0,33.0,32.0,0.0,1
44,1.0,76,0.0,44.0,21.0,32.0,32.0,0.0,1
45,-5.0,88,1.0,46.0,10.0,43.0,42.0,0.0,1
107,-1.0,108,0.0,70.0,0.0,1.0,38.0,36.0,5
41,0.0,84,-2.0,42.0,-3.0,43.0,43.0,0.0,1
37,0.0,79,0.0,16.0,4.0,42.0,63.0,22.0,1
49,3.0,95,7.0,50.0,1.0,46.0,46.0,0.0,1
42,0.0,83,4.0,42.0,0.0,41.0,42.0,2.0,1
49,1.0,81,0.0,50.0,21.0,33.0,32.0,0.0,1
37,0.0,106,-4.0,28.0,0.0,69.0,78.0,8.0,1
49,0.0,81,-1.0,50.0,-7.0,32.0,32.0,0.0,1
37,0.0,97,0.0,24.0,-2.0,60.0,73.0,14.0,1
48,-1.0,81,0.0,46.0,0.0,33.0,35.0,2.0,1
52,-3.0,88,0.0,52.0,-6.0,36.0,37.0,0.0,1
51,1.0,76,-7.0,50.0,0.0,25.0,27.0,2.0,1
47,4.0,76,0.0,46.0,0.0,29.0,30.0,0.0,1
50,4.0,88,0.0,50.0,0.0,38.0,39.0,2.0,1
38,-2.0,77,0.0,38.0,0.0,39.0,39.0,0.0,1
41,-2.0,76,-1.0,42.0,0.0,35.0,35.0,0.0,1
46,0.0,83,0.0,46.0,15.0,37.0,37.0,0.0,1
41,0.0,88,0.0,42.0,4.0,47.0,47.0,0.0,1
62,-2.0,112,0.0,62.0,0.0,50.0,50.0,0.0,1
55,0.0,78,0.0,12.0,-24.0,23.0,65.0,42.0,4
42,2.0,90,1.0,42.0,0.0,48.0,49.0,0.0,1
45,-1.0,76,0.0,46.0,23.0,31.0,30.0,0.0,1
43,-1.0,81,-1.0,42.0,-8.0,38.0,40.0,2.0,1
37,1.0,108,0.0,36.0,0.0,71.0,72.0,0.0,1
37,0.0,78,0.0,8.0,27.0,41.0,70.0,30.0,1
55,-3.0,77,0.0,54.0,0.0,22.0,23.0,0.0,1
41,-2.0,77,0.0,38.0,-15.0,36.0,38.0,2.0,1
53,0.0,81,-6.0,54.0,0.0,27.0,26.0,0.0,1
41,-3.0,77,6.0,38.0,-8.0,36.0,38.0,2.0,1
37,0.0,78,2.0,26.0,-1.0,42.0,52.0,10.0,1
56,0.0,76,0.0,-12.0,-4.0,20.0,89.0,68.0,4
37,0.0,92,0.0,20.0,-8.0,55.0,71.0,16.0,1
45,0.0,80,0.0,44.0,-17.0,35.0,36.0,2.0,1
46,0.0,88,3.0,46.0,0.0,42.0,42.0,0.0,1
66,0.0,112,-1.0,64.0,-29.0,46.0,47.0,2.0,1
53,0.0,90,0.0,54.0,16.0,37.0,36.0,0.0,1
37,0.0,76,-5.0,24.0,-24.0,39.0,52.0,14.0,1
45,0.0,88,0.0,44.0,-7.0,43.0,44.0,2.0,1
37,0.0,78,-2.0,20.0,-4.0,42.0,57.0,16.0,1
37,0.0,83,0.0,10.0,3.0,46.0,72.0,26.0,1
37,0.0,82,0.0,10.0,8.0,45.0,72.0,26.0,1
43,0.0,79,2.0,42.0,-6.0,35.0,37.0,2.0,1
106,0.0,108,-3.0,70.0,-4.0,1.0,38.0,36.0,5
71,-2.0,74,-9.0,-40.0,14.0,4.0,116.0,112.0,5
49,-3.0,83,0.0,50.0,3.0,34.0,33.0,0.0,1
42,4.0,107,2.0,42.0,0.0,64.0,66.0,2.0,1
56,1.0,87,0.0,56.0,10.0,31.0,30.0,0.0,1
56,0.0,96,3.0,54.0,0.0,40.0,42.0,2.0,1
41,0.0,79,0.0,38.0,-27.0,38.0,41.0,2.0,1
55,0.0,78,2.0,10.0,5.0,23.0,68.0,46.0,4
37,0.0,76,5.0,36.0,12.0,39.0,40.0,2.0,1
37,0.0,77,0.0,36.0,-10.0,39.0,41.0,2.0,1
37,0.0,76,0.0,20.0,-22.0,40.0,55.0,16.0,1
44,1.0,84,0.0,44.0,20.0,40.0,40.0,0.0,1
44,0.0,76,0.0,44.0,0.0,31.0,32.0,0.0,1
44,3.0,81,0.0,42.0,-16.0,37.0,39.0,2.0,1
37,0.0,78,0.0,-2.0,15.0,42.0,81.0,40.0,1
79,-13.0,83,-6.0,-32.0,-1520.0,4.0,117.0,112.0,5
45,-3.0,86,0.0,44.0,-8.0,41.0,42.0,2.0,1
74,5.0,78,6.0,-42.0,-1.0,4.0,122.0,118.0,5
61,-5.0,111,0.0,60.0,-2.0,50.0,52.0,2.0,1
53,4.0,84,0.0,52.0,-16.0,32.0,33.0,2.0,1
51,0.0,86,0.0,52.0,7.0,35.0,34.0,0.0,1
37,0.0,79,-1.0,36.0,0.0,42.0,43.0,0.0,1
45,1.0,80,-1.0,44.0,0.0,35.0,36.0,2.0,1
52,0.0,87,0.0,50.0,-29.0,35.0,38.0,2.0,1
45,0.0,86,1.0,46.0,31.0,41.0,40.0,0.0,1
43,-1.0,86,0.0,44.0,7.0,43.0,42.0,0.0,1
52,-5.0,86,0.0,52.0,0.0,35.0,35.0,0.0,1
37,0.0,80,6.0,10.0,0.0,43.0,70.0,26.0,1
55,-1.0,97,0.0,50.0,0.0,42.0,48.0,6.0,4
39,-2.0,76,-3.0,38.0,-5.0,36.0,37.0,0.0,1
41,0.0,81,3.0,42.0,17.0,41.0,40.0,0.0,1
41,0.0,86,-7.0,38.0,-9.0,46.0,48.0,2.0,1
49,0.0,85,-3.0,50.0,0.0,36.0,36.0,0.0,1
107,0.0,108,7.0,70.0,0.0,1.0,38.0,36.0,5
45,-4.0,79,0.0,44.0,-19.0,33.0,35.0,2.0,1
37,-4.0,75,0.0,28.0,8.0,38.0,46.0,8.0,1
37,-1.0,79,0.0,34.0,1.0,42.0,46.0,4.0,1
47,-2.0,84,-4.0,46.0,0.0,37.0,37.0,0.0,1
37,0.0,77,0.0,34.0,4.0,40.0,43.0,2.0,1
55,0.0,78,0.0,18.0,21.0,23.0,60.0,38.0,4
44,2.0,85,0.0,44.0,3.0,41.0,41.0,0.0,1
43,0.0,86,0.0,42.0,-17.0,42.0,44.0,2.0,1
42,-5.0,86,2.0,42.0,0.0,44.0,45.0,2.0,1
56,-2.0,99,0.0,50.0,8.0,43.0,49.0,6.0,4
48,-4.0,78,0.0,46.0,0.0,30.0,32.0,2.0,1
37,0.0,104,0.0,26.0,-25.0,66.0,78.0,12.0,1
55,0.0,92,0.0,28.0,-15.0,36.0,63.0,28.0,4
48,-2.0,77,0.0,46.0,0.0,30.0,31.0,2.0,1
41,-3.0,108,-2.0,42.0,16.0,67.0,66.0,0.0,1
37,0.0,104,0.0,20.0,-22.0,67.0,84.0,16.0,1
51,-5.0,81,-2.0,52.0,3.0,30.0,30.0,0.0,1
104,5.0,105,0.0,72.0,6.0,1.0,33.0,32.0,5
55,0.0,80,0.0,56.0,30.0,25.0,23.0,0.0,1
49,0.0,77,0.0,46.0,-2.0,29.0,31.0,2.0,1
55,-1.0,79,0.0,6.0,0.0,23.0,74.0,50.0,4
55,0.0,80,0.0,54.0,0.0,25.0,26.0,2.0,1
55,-1.0,95,-6.0,54.0,-8.0,40.0,41.0,2.0,1
41,4.0,81,0.0,38.0,-9.0,39.0,42.0,2.0,1
46,-1.0,85,-1.0,46.0,0.0,39.0,39.0,0.0,1
42,0.0,78,-1.0,42.0,0.0,37.0,37.0,0.0,1
55,0.0,78,0.0,6.0,19.0,23.0,73.0,50.0,4
56,0.0,95,-2.0,50.0,0.0,40.0,46.0,6.0,4
56,0.0,95,0.0,38.0,-11.0,40.0,57.0,18.0,4
37,-1.0,100,0.0,28.0,0.0,63.0,71.0,8.0,1
40,2.0,97,0.0,38.0,0.0,56.0,58.0,2.0,1
37,5.0,75,0.0,18.0,-19.0,38.0,57.0,18.0,1
76,-4.0,81,0.0,-40.0,0.0,4.0,122.0,118.0,5
39,0.0,81,-1.0,38.0,-1.0,43.0,43.0,0.0,1
41,0.0,80,4.0,42.0,0.0,39.0,39.0,0.0,1
56,0.0,96,0.0,52.0,-17.0,40.0,44.0,4.0,4
41,3.0,77,0.0,42.0,17.0,36.0,35.0,0.0,1
43,0.0,86,-2.0,44.0,24.0,42.0,42.0,0.0,1
37,0.0,104,0.0,24.0,13.0,67.0,80.0,14.0,1
51,0.0,82,5.0,52.0,6.0,31.0,30.0,0.0,1
44,3.0,88,0.0,44.0,0.0,44.0,44.0,0.0,1
42,3.0,107,4.0,42.0,0.0,65.0,66.0,0.0,1
41,0.0,86,-6.0,38.0,-12.0,46.0,48.0,2.0,1
37,0.0,75,-2.0,30.0,21.0,38.0,44.0,6.0,1
48,-2.0,84,0.0,46.0,-1.0,36.0,38.0,2.0,1
45,1.0,84,0.0,44.0,-6.0,39.0,41.0,2.0,1
41,0.0,78,0.0,42.0,21.0,37.0,37.0,0.0,1
52,5.0,82,0.0,52.0,0.0,30.0,30.0,0.0,1
38,3.0,102,0.0,38.0,1.0,64.0,63.0,0.0,1
37,0.0,79,0.0,20.0,-13.0,42.0,58.0,16.0,1
44,0.0,81,1.0,44.0,13.0,37.0,37.0,0.0,1
37,0.0,106,0.0,30.0,19.0,69.0,75.0,6.0,1
41,2.0,76,0.0,42.0,7.0,35.0,35.0,0.0,1
39,0.0,108,0.0,38.0,0.0,68.0,69.0,0.0,1
38,0.0,93,0.0,30.0,11.0,55.0,62.0,8.0,1
55,0.0,73,-15.0,0.0,6.0,18.0,73.0,54.0,4
37,0.0,80,0.0,28.0,-23.0,43.0,52.0,8.0,1
44,2.0,90,0.0,44.0,0.0,45.0,46.0,0.0,1
38,0.0,102,0.0,38.0,4.0,64.0,63.0,0.0,1
55,0.0,77,0.0,44.0,26.0,22.0,34.0,12.0,4
104,1.0,106,1.0,72.0,7.0,1.0,33.0,32.0,5
76,-1.0,81,-1.0,-42.0,-4.0,5.0,125.0,120.0,5
104,7.0,105,7.0,70.0,0.0,1.0,35.0,34.0,5
39,-3.0,106,0.0,38.0,0.0,66.0,67.0,0.0,1
37,0.0,96,-7.0,20.0,0.0,59.0,75.0,16.0,1
46,0.0,77,0.0,44.0,-19.0,31.0,33.0,2.0,1
37,0.0,77,0.0,-4.0,-17.0,41.0,83.0,42.0,1
46,0.0,77,-3.0,46.0,1.0,31.0,30.0,0.0,1
37,0.0,76,6.0,30.0,-2.0,40.0,45.0,6.0,1
55,0.0,96,2.0,42.0,-8.0,41.0,55.0,14.0,4
49,5.0,102,0.0,46.0,-11.0,53.0,55.0,2.0,1
39,0.0,77,-6.0,38.0,0.0,38.0,38.0,0.0,1
51,1.0,87,0.0,52.0,8.0,36.0,35.0,0.0,1
56,-2.0,88,0.0,54.0,-19.0,32.0,33.0,2.0,1
41,1.0,81,0.0,42.0,2.0,39.0,39.0,0.0,1
49,1.0,84,0.0,46.0,-7.0,35.0,37.0,2.0,1
54,4.0,87,0.0,54.0,0.0,33.0,33.0,0.0,1
45,1.0,86,-4.0,44.0,0.0,40.0,42.0,2.0,1
77,2.0,81,1.0,-40.0,13.0,4.0,123.0,118.0,5
37,0.0,107,0.0,28.0,-23.0,70.0,78.0,8.0,1
37,0.0,107,19.0,28.0,0.0,70.0,78.0,8.0,1
55,0.0,94,4.0,18.0,-6.0,39.0,76.0,38.0,4
50,-5.0,85,0.0,50.0,0.0,36.0,36.0,0.0,1
51,1.0,84,0.0,50.0,-23.0,33.0,35.0,2.0,1
37,0.0,78,0.0,18.0,10.0,42.0,60.0,18.0,1
37,0.0,78,0.0,-6.0,-2.0,42.0,86.0,44.0,1
49,0.0,77,0.0,50.0,17.0,28.0,28.0,0.0,1
37,0.0,97,0.0,36.0,14.0,60.0,61.0,0.0,1
84,-1.0,88,0.0,2.0,0.0,3.0,85.0,82.0,5
56,1.0,77,0.0,-24.0,4.0,21.0,103.0,82.0,4
102,0.0,103,0.0,72.0,14.0,1.0,31.0,30.0,5
45,0.0,86,1.0,44.0,-11.0,41.0,42.0,2.0,1
46,0.0,85,-5.0,46.0,0.0,39.0,39.0,0.0,1
42,2.0,81,0.0,42.0,0.0,39.0,40.0,0.0,1
45,0.0,86,1.0,44.0,-14.0,41.0,42.0,2.0,1
50,-1.0,77,-3.0,50.0,-5.0,27.0,28.0,0.0,1
43,-1.0,85,0.0,42.0,0.0,42.0,44.0,2.0,1
55,0.0,93,0.0,52.0,-6.0,38.0,42.0,4.0,4
37,4.0,79,0.0,0.0,0.0,41.0,79.0,38.0,1
37,0.0,100,-2.0,30.0,-3.0,64.0,69.0,6.0,1
46,0.0,84,-2.0,46.0,-3.0,38.0,37.0,0.0,1
41,0.0,76,0.0,42.0,6.0,35.0,35.0,0.0,1
49,0.0,110,-6.0,46.0,-4.0,61.0,64.0,2.0,1
44,0.0,86,-2.0,44.0,0.0,43.0,42.0,0.0,1
37,0.0,80,-6.0,36.0,-16.0,43.0,44.0,2.0,1
37,0.0,95,0.0,16.0,-6.0,58.0,80.0,22.0,1
104,2.0,105,4.0,70.0,0.0,1.0,35.0,34.0,5
37,0.0,106,0.0,28.0,5.0,69.0,78.0,8.0,1
37,0.0,78,0.0,-6.0,-16.0,42.0,86.0,44.0,1
40,0.0,82,1.0,38.0,0.0,42.0,43.0,2.0,1
56,0.0,97,3.0,50.0,-8.0,41.0,48.0,6.0,4
43,0.0,83,0.0,44.0,21.0,40.0,39.0,0.0,1
40,-5.0,77,0.0,38.0,0.0,37.0,39.0,2.0,1
37,0.0,77,5.0,8.0,0.0,41.0,70.0,28.0,1
44,0.0,88,0.0,42.0,-25.0,44.0,46.0,2.0,1
55,-4.0,86,0.0,54.0,0.0,32.0,32.0,0.0,1
55,2.0,82,0.0,54.0,-4.0,26.0,28.0,2.0,1
55,0.0,86,0.0,56.0,19.0,30.0,29.0,0.0,1
38,0.0,81,0.0,38.0,4.0,43.0,43.0,0.0,1
55,0.0,81,0.0,-14.0,3.0,26.0,97.0,70.0,4
41,2.0,79,0.0,38.0,-13.0,38.0,40.0,2.0,1
37,0.0,76,0.0,38.0,6.0,39.0,37.0,0.0,1
58,-3.0,86,0.0,56.0,0.0,28.0,30.0,2.0,1
37,0.0,80,0.0,18.0,31.0,43.0,62.0,18.0,1
44,0.0,81,1.0,44.0,17.0,37.0,37.0,0.0,1
37,0.0,93,0.0,10.0,-21.0,56.0,83.0,26.0,1
53,0.0,81,2.0,52.0,-14.0,28.0,29.0,2.0,1
56,1.0,99,0.0,46.0,0.0,42.0,52.0,10.0,4
41,0.0,77,0.0,38.0,-29.0,36.0,39.0,2.0,1
55,0.0,95,-5.0,46.0,0.0,40.0,49.0,8.0,4
37,0.0,81,-3.0,20.0,0.0,44.0,61.0,16.0,1
67,-2.0,109,-1.0,68.0,0.0,43.0,42.0,0.0,1
104,0.0,105,-7.0,70.0,0.0,1.0,35.0,34.0,5
37,4.0,108,0.0,36.0,0.0,71.0,72.0,0.0,1
47,0.0,76,-2.0,46.0,0.0,29.0,29.0,0.0,1
43,0.0,82,0.0,42.0,-5.0,39.0,41.0,2.0,1
55,0.0,92,0.0,-2.0,-2.0,36.0,94.0,58.0,4
42,0.0,76,-2.0,42.0,0.0,34.0,35.0,0.0,1
37,0.0,77,0.0,6.0,-2.0,40.0,72.0,32.0,1
44,0.0,79,0.0,44.0,10.0,36.0,35.0,0.0,1
55,0.0,83,0.0,56.0,25.0,28.0,26.0,0.0,1
49,0.0,79,0.0,46.0,-5.0,30.0,32.0,2.0,1
45,1.0,77,0.0,44.0,-5.0,32.0,34.0,2.0,1
49,0.0,84,6.0,50.0,0.0,35.0,35.0,0.0,1
101,0.0,102,0.0,72.0,8.0,1.0,29.0,28.0,5
55,0.0,78,-7.0,16.0,0.0,23.0,63.0,40.0,4
53,0.0,80,0.0,54.0,23.0,27.0,26.0,0.0,1
37,0.0,95,1.0,8.0,-1.0,58.0,87.0,30.0,1
55,0.0,92,0.0,36.0,-5.0,37.0,56.0,20.0,4
37,0.0,80,0.0,10.0,2.0,43.0,70.0,26.0,1
37,-1.0,75,-4.0,28.0,-7.0,38.0,46.0,8.0,1
43,0.0,81,0.0,44.0,10.0,38.0,37.0,0.0,1
41,0.0,86,0.0,42.0,5.0,46.0,45.0,0.0,1
37,0.0,97,0.0,20.0,-30.0,60.0,77.0,16.0,1
82,1.0,86,0.0,-22.0,4.0,4.0,109.0,106.0,5
80,0.0,84,0.0,-24.0,0.0,4.0,110.0,106.0,5
56,2.0,81,0.0,-22.0,-2.0,25.0,105.0,80.0,4
55,0.0,77,0.0,16.0,14.0,22.0,62.0,40.0,4
56,0.0,96,0.0,56.0,14.0,40.0,39.0,0.0,1
53,-5.0,86,0.0,54.0,0.0,32.0,32.0,0.0,1
51,3.0,91,0.0,50.0,-21.0,40.0,42.0,2.0,1
52,-4.0,88,0.0,52.0,0.0,36.0,36.0,0.0,1
40,5.0,90,0.0,38.0,0.0,49.0,51.0,2.0,1
79,-1.0,83,0.0,-42.0,0.0,5.0,127.0,122.0,5
62,0.0,108,4.0,60.0,0.0,46.0,49.0,2.0,1
37,0.0,76,2.0,26.0,-20.0,40.0,50.0,10.0,1
55,0.0,77,-7.0,44.0,0.0,22.0,34.0,12.0,4
55,0.0,98,0.0,52.0,21.0,42.0,46.0,4.0,4
56,0.0,79,3.0,-4.0,0.0,23.0,84.0,62.0,4
41,0.0,88,-4.0,42.0,19.0,48.0,47.0,0.0,1
37,0.0,76,-2.0,20.0,-6.0,40.0,55.0,16.0,1
48,-3.0,88,0.0,46.0,-4.0,39.0,41.0,2.0,1
46,2.0,76,0.0,46.0,0.0,30.0,30.0,0.0,1
55,-1.0,96,3.0,52.0,-5.0,41.0,44.0,4.0,4
37,0.0,74,0.0,28.0,11.0,38.0,46.0,8.0,1
56,0.0,91,0.0,2.0,15.0,35.0,88.0,54.0,4
49,-1.0,85,0.0,46.0,-23.0,36.0,39.0,2.0,1
52,-5.0,86,0.0,52.0,-2.0,34.0,35.0,0.0,1
55,0.0,78,0.0,2.0,-18.0,23.0,75.0,52.0,4
41,0.0,83,2.0,42.0,29.0,42.0,41.0,0.0,1
44,3.0,95,0.0,44.0,15.0,52.0,51.0,0.0,1
51,-4.0,81,0.0,50.0,-12.0,30.0,32.0,2.0,1
41,1.0,75,0.0,42.0,8.0,34.0,34.0,0.0,1
49,-2.0,79,0.0,46.0,-17.0,31.0,33.0,2.0,1
56,0.0,77,0.0,-18.0,27.0,21.0,95.0,74.0,4
37,0.0,76,0.0,26.0,11.0,39.0,50.0,12.0,1
45,0.0,76,-1.0,44.0,-1.0,31.0,32.0,2.0,1
55,1.0,87,1.0,54.0,0.0,32.0,33.0,2.0,1
37,0.0,81,0.0,24.0,-15.0,45.0,58.0,14.0,1
37,-2.0,77,0.0,36.0,0.0,41.0,41.0,0.0,1
53,4.0,81,0.0,54.0,25.0,28.0,26.0,0.0,1
53,-4.0,86,0.0,54.0,11.0,33.0,32.0,0.0,1
44,-1.0,77,0.0,44.0,3.0,33.0,33.0,0.0,1
37,0.0,77,0.0,28.0,29.0,40.0,48.0,8.0,1
49,0.0,95,0.0,50.0,2.0,47.0,46.0,0.0,1
44,1.0,88,0.0,44.0,5.0,45.0,44.0,0.0,1
62,0.0,109,0.0,60.0,-11.0,48.0,50.0,2.0,1
41,-5.0,89,0.0,42.0,0.0,48.0,48.0,0.0,1
55,0.0,96,7.0,42.0,-11.0,41.0,55.0,14.0,4
51,-5.0,86,0.0,52.0,19.0,36.0,35.0,0.0,1
37,0.0,83,0.0,34.0,-22.0,46.0,49.0,2.0,1
37,0.0,77,0.0,8.0,21.0,40.0,69.0,30.0,1
49,0.0,86,0.0,46.0,-19.0,37.0,39.0,2.0,1
43,-1.0,79,1.0,42.0,0.0,36.0,37.0,2.0,1
37,0.0,77,3.0,34.0,-5.0,40.0,43.0,2.0,1
56,0.0,81,0.0,-6.0,-1.0,25.0,88.0,64.0,4
37,0.0,107,6.0,30.0,16.0,69.0,76.0,6.0,1
58,2.0,81,0.0,56.0,0.0,23.0,24.0,2.0,1
46,1.0,79,-4.0,46.0,0.0,33.0,32.0,0.0,1
42,3.0,107,1.0,42.0,0.0,64.0,66.0,2.0,1
37,0.0,77,0.0,34.0,4.0,40.0,43.0,4.0,1
103,-3.0,104,-8.0,72.0,9.0,1.0,31.0,30.0,5
37,0.0,77,0.0,12.0,-5.0,41.0,65.0,24.0,1
38,4.0,81,0.0,36.0,-23.0,43.0,44.0,2.0,1
48,-2.0,95,0.0,46.0,0.0,47.0,49.0,2.0,1
37,0.0,76,0.0,28.0,-8.0,39.0,47.0,8.0,1
37,4.0,104,0.0,18.0,12.0,66.0,86.0,20.0,1
37,0.0,77,0.0,-22.0,25.0,41.0,101.0,60.0,1
43,0.0,88,6.0,42.0,0.0,45.0,46.0,2.0,1
56,0.0,98,0.0,44.0,-5.0,42.0,54.0,12.0,4
42,0.0,89,0.0,42.0,0.0,47.0,48.0,0.0,1
38,4.0,76,0.0,36.0,-8.0,38.0,39.0,2.0,1
40,-1.0,75,0.0,38.0,0.0,35.0,36.0,2.0,1
37,0.0,76,0.0,34.0,0.0,39.0,42.0,4.0,1
45,3.0,86,1.0,44.0,0.0,41.0,42.0,2.0,1
55,0.0,77,0.0,36.0,16.0,22.0,41.0,20.0,4
44,0.0,88,1.0,44.0,12.0,44.0,44.0,0.0,1
37,0.0,79,0.0,12.0,16.0,42.0,66.0,24.0,1
39,0.0,81,1.0,38.0,0.0,41.0,42.0,0.0,1
37,-2.0,78,0.0,-6.0,0.0,42.0,86.0,44.0,1
37,0.0,78,0.0,0.0,-10.0,42.0,78.0,36.0,1
55,1.0,93,0.0,54.0,0.0,37.0,39.0,2.0,1
40,-5.0,86,0.0,38.0,0.0,46.0,47.0,2.0,1
37,0.0,97,0.0,34.0,5.0,60.0,64.0,4.0,1
47,0.0,88,4.0,46.0,0.0,40.0,41.0,0.0,1
46,0.0,87,-2.0,46.0,0.0,41.0,41.0,0.0,1
41,2.0,79,0.0,42.0,3.0,38.0,37.0,0.0,1
41,1.0,79,0.0,42.0,2.0,38.0,37.0,0.0,1
47,0.0,88,-7.0,46.0,0.0,40.0,41.0,0.0,1
56,0.0,97,7.0,52.0,-3.0,41.0,45.0,4.0,4
55,0.0,77,0.0,44.0,13.0,22.0,34.0,12.0,4
55,0.0,81,-1.0,54.0,-2.0,26.0,27.0,0.0,1
42,-2.0,83,0.0,42.0,0.0,41.0,42.0,2.0,1
53,0.0,77,0.0,52.0,-24.0,25.0,26.0,2.0,1
41,0.0,79,0.0,42.0,1.0,38.0,38.0,0.0,1
47,-4.0,77,0.0,46.0,0.0,30.0,31.0,0.0,1
44,0.0,85,-6.0,44.0,0.0,41.0,41.0,0.0,1
37,0.0,76,0.0,30.0,29.0,39.0,45.0,6.0,1
38,5.0,76,0.0,38.0,11.0,38.0,37.0,0.0,1
37,0.0,78,-2.0,2.0,0.0,41.0,75.0,34.0,1
55,0.0,80,0.0,-2.0,5.0,25.0,83.0,58.0,4
51,0.0,77,0.0,50.0,-3.0,26.0,28.0,2.0,1
72,21.0,82,0.0,-42.0,-1.0,10.0,126.0,116.0,2
44,2.0,76,0.0,42.0,-18.0,32.0,34.0,2.0,1
45,0.0,88,0.0,46.0,13.0,42.0,41.0,0.0,1
105,0.0,106,-7.0,72.0,5.0,1.0,33.0,32.0,5
45,-2.0,88,0.0,44.0,23.0,43.0,44.0,2.0,1
49,-5.0,78,1.0,50.0,1.0,29.0,29.0,0.0,1
37,0.0,74,0.0,24.0,3.0,37.0,51.0,14.0,1
37,0.0,106,3.0,24.0,-3.0,68.0,82.0,14.0,1
49,0.0,95,5.0,46.0,-28.0,47.0,49.0,2.0,1
37,0.0,76,0.0,26.0,22.0,39.0,50.0,12.0,1
53,4.0,84,0.0,54.0,1.0,31.0,30.0,0.0,1
37,0.0,78,0.0,10.0,4.0,41.0,68.0,26.0,1
51,0.0,88,0.0,50.0,-22.0,36.0,39.0,2.0,1
54,2.0,77,0.0,54.0,0.0,23.0,23.0,0.0,1
54,0.0,83,0.0,54.0,0.0,28.0,28.0,0.0,1
37,2.0,81,0.0,36.0,-7.0,43.0,44.0,2.0,1
53,-3.0,77,0.0,54.0,0.0,25.0,23.0,0.0,1
49,0.0,86,0.0,50.0,50.0,37.0,37.0,0.0,1
45,0.0,88,-3.0,44.0,0.0,43.0,44.0,0.0,1
37,0.0,79,0.0,18.0,2.0,42.0,61.0,18.0,1
53,-4.0,84,0.0,54.0,1.0,31.0,30.0,0.0,1
45,46.0,77,0.0,-22.0,0.0,33.0,101.0,68.0,2
37,-2.0,76,0.0,20.0,-6.0,39.0,55.0,16.0,1
44,1.0,86,0.0,44.0,9.0,42.0,42.0,0.0,1
56,0.0,77,2.0,-2.0,31.0,21.0,79.0,58.0,4
43,0.0,108,0.0,42.0,0.0,65.0,67.0,2.0,1
44,-2.0,92,-4.0,44.0,0.0,47.0,48.0,0.0,1
51,0.0,80,0.0,52.0,3.0,29.0,28.0,0.0,1
37,5.0,77,0.0,28.0,0.0,40.0,48.0,8.0,1
55,0.0,78,0.0,10.0,-12.0,23.0,68.0,46.0,4
37,0.0,76,-1.0,28.0,-30.0,39.0,47.0,8.0,1
51,1.0,78,0.0,50.0,-4.0,27.0,29.0,2.0,1
41,0.0,76,0.0,38.0,-24.0,35.0,37.0,2.0,1
37,0.0,78,0.0,16.0,16.0,41.0,63.0,22.0,1
49,4.0,88,0.0,50.0,2.0,39.0,39.0,0.0,1
56,5.0,95,0.0,54.0,0.0,39.0,41.0,2.0,1
105,-5.0,107,0.0,72.0,0.0,1.0,35.0,34.0,5
43,0.0,75,0.0,42.0,-13.0,32.0,34.0,2.0,1
53,1.0,79,0.0,52.0,-14.0,26.0,27.0,2.0,1
37,0.0,81,0.0,26.0,12.0,45.0,55.0,10.0,1
47,-2.0,87,-3.0,46.0,0.0,40.0,41.0,0.0,1
45,-14.0,81,0.0,44.0,0.0,36.0,37.0,2.0,1
48,0.0,88,0.0,50.0,25.0,39.0,39.0,0.0,1
55,0.0,92,0.0,-4.0,25.0,36.0,97.0,60.0,4
41,0.0,83,0.0,42.0,23.0,42.0,41.0,0.0,1
48,-1.0,79,0.0,46.0,0.0,30.0,32.0,2.0,1
56,5.0,97,0.0,52.0,0.0,41.0,45.0,4.0,4
46,0.0,86,0.0,46.0,1.0,40.0,39.0,0.0,1
55,0.0,95,0.0,50.0,-2.0,40.0,46.0,6.0,4
49,0.0,86,0.0,46.0,-27.0,38.0,40.0,2.0,1
44,0.0,87,-5.0,44.0,19.0,43.0,43.0,0.0,1
56,0.0,91,0.0,0.0,-18.0,35.0,91.0,56.0,4
56,0.0,97,3.0,36.0,0.0,41.0,60.0,20.0,4
56,0.0,86,2.0,56.0,2.0,31.0,30.0,0.0,1
37,0.0,81,0.0,28.0,5.0,44.0,52.0,8.0,1
43,0.0,81,-5.0,42.0,0.0,38.0,40.0,2.0,1
49,0.0,87,0.0,46.0,-5.0,38.0,41.0,2.0,1
56,-1.0,80,-4.0,56.0,0.0,24.0,23.0,0.0,1
55,4.0,71,-2.0,0.0,0.0,16.0,71.0,56.0,4
37,0.0,77,0.0,-22.0,-26.0,41.0,101.0,60.0,1
56,0.0,96,0.0,54.0,-23.0,40.0,42.0,2.0,1
37,0.0,77,0.0,20.0,21.0,41.0,57.0,16.0,1
43,0.0,76,0.0,44.0,23.0,32.0,32.0,0.0,1
43,0.0,79,0.0,44.0,22.0,36.0,35.0,0.0,1
37,0.0,77,0.0,6.0,-9.0,40.0,72.0,32.0,1
37,0.0,93,0.0,12.0,28.0,55.0,80.0,24.0,1
55,0.0,92,0.0,-4.0,16.0,36.0,97.0,60.0,4
42,4.0,80,0.0,42.0,0.0,38.0,39.0,2.0,1
37,0.0,75,0.0,34.0,3.0,38.0,41.0,2.0,1
64,-5.0,111,2.0,62.0,-9.0,47.0,49.0,2.0,1
41,0.0,81,-3.0,42.0,8.0,40.0,39.0,0.0,1
54,0.0,81,3.0,54.0,0.0,26.0,26.0,0.0,1
40,0.0,80,-1.0,38.0,0.0,40.0,41.0,2.0,1
37,0.0,77,-3.0,30.0,21.0,40.0,46.0,6.0,1
37,0.0,75,0.0,26.0,-5.0,38.0,49.0,10.0,1
37,0.0,77,0.0,34.0,3.0,40.0,43.0,4.0,1
53,0.0,79,0.0,54.0,2.0,25.0,24.0,0.0,1
49,0.0,88,1.0,46.0,-26.0,39.0,41.0,2.0,1
37,0.0,76,4.0,30.0,0.0,39.0,45.0,6.0,1
56,0.0,77,0.0,-10.0,9.0,21.0,87.0,66.0,4
44,9.0,79,0.0,42.0,0.0,35.0,37.0,2.0,1
55,-1.0,83,-5.0,54.0,0.0,28.0,29.0,2.0,1
55,0.0,95,0.0,38.0,4.0,40.0,57.0,16.0,4
56,0.0,95,0.0,44.0,-7.0,40.0,51.0,12.0,4
44,-1.0,82,-4.0,44.0,0.0,38.0,38.0,0.0,1
46,-3.0,76,1.0,46.0,0.0,30.0,30.0,0.0,1
43,0.0,100,8.0,42.0,-5.0,57.0,59.0,2.0,1
43,0.0,81,0.0,42.0,-9.0,38.0,40.0,2.0,1
43,0.0,80,-1.0,42.0,-11.0,37.0,39.0,2.0,1
55,0.0,79,0.0,8.0,-9.0,23.0,71.0,48.0,4
51,1.0,102,0.0,52.0,2.0,51.0,50.0,0.0,1
84,0.0,88,0.0,0.0,15.0,3.0,88.0,84.0,5
37,0.0,94,-6.0,10.0,8.0,57.0,84.0,28.0,1
37,0.0,93,-7.0,12.0,0.0,55.0,80.0,24.0,1
78,0.0,82,-7.0,-40.0,1.0,4.0,123.0,120.0,5
42,0.0,78,0.0,42.0,0.0,37.0,37.0,0.0,1
44,1.0,76,0.0,42.0,-22.0,32.0,35.0,2.0,1
53,-5.0,80,0.0,54.0,10.0,27.0,26.0,0.0,1
55,0.0,76,0.0,-18.0,0.0,21.0,94.0,74.0,4
55,0.0,77,6.0,0.0,0.0,22.0,77.0,56.0,4
56,3.0,76,0.0,-18.0,-5.0,20.0,94.0,74.0,4
39,1.0,81,6.0,38.0,0.0,42.0,42.0,0.0,1
37,0.0,79,0.0,6.0,-1.0,42.0,74.0,32.0,1
46,2.0,86,0.0,46.0,1.0,41.0,40.0,0.0,1
55,5.0,80,-7.0,54.0,0.0,25.0,26.0,2.0,1
46,2.0,77,-5.0,46.0,0.0,31.0,30.0,0.0,1
43,0.0,85,7.0,42.0,0.0,42.0,44.0,2.0,1
103,2.0,104,0.0,70.0,0.0,1.0,35.0,34.0,5
43,1.0,77,-1.0,42.0,0.0,35.0,36.0,2.0,1
56,0.0,96,0.0,54.0,-17.0,40.0,42.0,2.0,1
48,-4.0,86,0.0,46.0,-1.0,38.0,40.0,2.0,1
37,0.0,96,1.0,28.0,0.0,59.0,68.0,8.0,1
37,0.0,90,0.0,36.0,9.0,53.0,54.0,2.0,1
55,0.0,87,-1.0,56.0,18.0,32.0,30.0,0.0,1
37,0.0,93,-3.0,12.0,0.0,55.0,80.0,24.0,1
51,0.0,82,0.0,50.0,-1.0,31.0,33.0,2.0,1
40,1.0,77,2.0,38.0,0.0,37.0,39.0,2.0,1
37,0.0,75,0.0,36.0,17.0,37.0,39.0,2.0,1
37,0.0,93,-7.0,12.0,0.0,56.0,81.0,24.0,1
41,0.0,86,0.0,38.0,-2.0,45.0,47.0,2.0,1
45,-1.0,86,-4.0,44.0,-7.0,41.0,42.0,2.0,1
52,2.0,78,0.0,52.0,0.0,26.0,26.0,0.0,1
56,-1.0,97,3.0,50.0,-5.0,41.0,48.0,6.0,4
37,0.0,76,0.0,36.0,-15.0,39.0,40.0,2.0,1
37,0.0,106,0.0,20.0,-20.0,69.0,85.0,16.0,1
37,0.0,77,-1.0,20.0,-3.0,40.0,57.0,16.0,1
55,0.0,81,0.0,-6.0,5.0,25.0,88.0,64.0,4
45,0.0,87,4.0,44.0,0.0,42.0,43.0,2.0,1
49,1.0,83,0.0,46.0,-11.0,34.0,37.0,2.0,1
37,0.0,75,0.0,20.0,22.0,38.0,54.0,16.0,1
37,0.0,77,4.0,28.0,-24.0,41.0,49.0,8.0,1
37,0.0,77,0.0,28.0,2.0,40.0,48.0,8.0,1
37,0.0,95,-3.0,26.0,11.0,58.0,70.0,12.0,1
55,-3.0,96,0.0,54.0,-12.0,41.0,42.0,2.0,1
53,0.0,81,6.0,54.0,13.0,28.0,26.0,0.0,1
41,4.0,83,0.0,42.0,14.0,41.0,41.0,0.0,1
49,-4.0,84,0.0,50.0,11.0,36.0,35.0,0.0,1
85,0.0,88,0.0,0.0,-28.0,3.0,88.0,86.0,5
55,0.0,95,0.0,52.0,9.0,40.0,44.0,4.0,4
56,-1.0,86,0.0,56.0,1.0,30.0,29.0,0.0,1
37,0.0,79,0.0,20.0,9.0,42.0,58.0,16.0,1
37,0.0,96,5.0,24.0,0.0,59.0,73.0,14.0,1
37,0.0,76,-3.0,28.0,-10.0,39.0,47.0,8.0,1
47,0.0,82,-3.0,46.0,0.0,34.0,35.0,0.0,1
37,-1.0,79,0.0,24.0,7.0,42.0,55.0,14.0,1
39,2.0,79,0.0,38.0,0.0,41.0,41.0,0.0,1
37,0.0,83,-1.0,34.0,7.0,46.0,50.0,4.0,1
52,1.0,86,0.0,52.0,0.0,34.0,34.0,0.0,1
104,-3.0,105,-2.0,70.0,-17.0,1.0,35.0,34.0,5
43,2.0,89,6.0,42.0,0.0,46.0,48.0,2.0,1
37,0.0,97,3.0,24.0,5.0,60.0,74.0,14.0,1
42,-3.0,108,0.0,42.0,0.0,66.0,66.0,0.0,1
55,0.0,95,0.0,46.0,6.0,40.0,49.0,8.0,4
56,3.0,95,0.0,52.0,0.0,40.0,44.0,4.0,4
37,0.0,81,0.0,10.0,25.0,44.0,70.0,26.0,1
45,-2.0,79,0.0,44.0,-8.0,33.0,35.0,2.0,1
37,0.0,83,0.0,34.0,3.0,46.0,49.0,4.0,1
51,0.0,87,0.0,52.0,8.0,36.0,35.0,0.0,1
44,0.0,83,0.0,44.0,18.0,40.0,39.0,0.0,1
39,0.0,86,6.0,38.0,0.0,47.0,48.0,0.0,1
57,3.0,83,4.0,56.0,0.0,25.0,26.0,0.0,1
81,0.0,84,2.0,-14.0,0.0,4.0,100.0,96.0,5
47,-5.0,79,0.0,46.0,0.0,32.0,32.0,0.0,1
56,0.0,97,0.0,46.0,19.0,41.0,50.0,10.0,4
51,1.0,88,0.0,50.0,0.0,37.0,39.0,2.0,1
42,-1.0,97,0.0,42.0,0.0,54.0,55.0,2.0,1
80,4.0,84,0.0,-36.0,12.0,4.0,121.0,116.0,5
44,0.0,79,-7.0,44.0,0.0,35.0,35.0,0.0,1
41,0.0,79,2.0,38.0,-9.0,39.0,41.0,2.0,1
42,2.0,96,0.0,42.0,0.0,54.0,55.0,0.0,1
37,0.0,97,-5.0,26.0,-3.0,60.0,71.0,12.0,1
37,0.0,79,0.0,24.0,-4.0,43.0,56.0,14.0,1
54,-1.0,77,0.0,54.0,0.0,23.0,23.0,0.0,1
51,-1.0,81,0.0,52.0,0.0,29.0,29.0,0.0,1
56,0.0,78,3.0,0.0,0.0,22.0,78.0,56.0,4
51,1.0,81,0.0,52.0,1.0,29.0,29.0,0.0,1
39,-2.0,81,1.0,38.0,0.0,42.0,42.0,0.0,1
83,0.0,86,0.0,-6.0,-26.0,3.0,94.0,90.0,5
37,0.0,97,0.0,28.0,0.0,60.0,69.0,8.0,1
51,0.0,83,0.0,52.0,3.0,31.0,31.0,0.0,1
37,0.0,103,0.0,24.0,28.0,66.0,80.0,14.0,1
37,0.0,77,4.0,-18.0,0.0,41.0,96.0,54.0,1
44,0.0,78,0.0,44.0,6.0,34.0,34.0,0.0,1
45,0.0,88,0.0,44.0,-10.0,42.0,44.0,2.0,1
51,0.0,81,-2.0,50.0,-11.0,30.0,32.0,2.0,1
56,0.0,83,0.0,56.0,19.0,27.0,26.0,0.0,1
55,0.0,77,0.0,28.0,-5.0,21.0,48.0,28.0,4
46,-1.0,77,-3.0,44.0,-36.0,32.0,34.0,2.0,1
43,-1.0,85,0.0,42.0,-14.0,42.0,44.0,2.0,1
41,-2.0,81,0.0,38.0,-23.0,40.0,42.0,2.0,1
37,0.0,108,0.0,36.0,21.0,71.0,72.0,0.0,1
55,-3.0,76,0.0,-18.0,0.0,21.0,94.0,74.0,4
41,0.0,79,1.0,42.0,29.0,39.0,38.0,0.0,1
37,0.0,77,0.0,8.0,15.0,40.0,69.0,30.0,1
56,0.0,76,0.0,-4.0,10.0,20.0,81.0,62.0,4
41,-5.0,76,0.0,38.0,-15.0,35.0,37.0,2.0,1
37,0.0,78,0.0,18.0,-5.0,41.0,60.0,18.0,1
40,0.0,82,2.0,38.0,0.0,42.0,43.0,2.0,1
44,-1.0,87,2.0,44.0,0.0,43.0,43.0,0.0,1
37,0.0,80,0.0,30.0,-5.0,43.0,49.0,6.0,1
37,0.0,77,-1.0,-18.0,-4.0,40.0,95.0,54.0,1
47,1.0,85,2.0,46.0,0.0,38.0,39.0,0.0,1
37,0.0,76,0.0,34.0,-15.0,38.0,42.0,4.0,1
37,0.0,77,0.0,12.0,-21.0,41.0,65.0,24.0,1
85,0.0,89,1.0,2.0,0.0,4.0,86.0,82.0,5
56,1.0,87,0.0,54.0,-7.0,31.0,33.0,2.0,1
45,0.0,81,0.0,44.0,-10.0,36.0,37.0,2.0,1
55,0.0,97,-1.0,50.0,29.0,42.0,48.0,6.0,4
45,0.0,86,0.0,44.0,-14.0,41.0,42.0,2.0,1
46,0.0,88,0.0,46.0,7.0,43.0,42.0,0.0,1
37,0.0,74,-2.0,28.0,0.0,38.0,46.0,8.0,1
44,4.0,79,0.0,44.0,11.0,35.0,35.0,0.0,1
37,-1.0,80,1.0,36.0,0.0,43.0,44.0,0.0,1
104,3.0,105,4.0,70.0,0.0,1.0,35.0,34.0,5
55,0.0,79,0.0,20.0,-5.0,23.0,58.0,34.0,4
49,3.0,86,0.0,50.0,6.0,37.0,37.0,0.0,1
37,-1.0,74,-3.0,28.0,-6.0,37.0,46.0,8.0,1
50,-1.0,87,-4.0,50.0,0.0,37.0,38.0,0.0,1
49,0.0,84,0.0,46.0,-13.0,36.0,38.0,2.0,1
41,3.0,76,0.0,42.0,13.0,35.0,35.0,0.0,1
37,5.0,76,0.0,36.0,2.0,39.0,40.0,0.0,1
44,0.0,83,0.0,42.0,-11.0,40.0,42.0,2.0,1
44,3.0,81,0.0,44.0,11.0,37.0,37.0,0.0,1
48,-1.0,84,0.0,46.0,0.0,37.0,38.0,2.0,1
82,0.0,86,0.0,-42.0,-25.0,4.0,130.0,126.0,5
41,0.0,90,6.0,42.0,20.0,49.0,48.0,0.0,1
37,0.0,98,0.0,28.0,0.0,61.0,70.0,8.0,1
37,-3.0,106,0.0,36.0,25.0,68.0,69.0,2.0,1
45,0.0,86,-7.0,44.0,-10.0,40.0,42.0,2.0,1
53,0.0,88,0.0,54.0,9.0,35.0,33.0,0.0,1
51,0.0,77,0.0,50.0,-16.0,26.0,28.0,2.0,1
41,-5.0,77,8.0,38.0,-20.0,36.0,38.0,2.0,1
37,0.0,95,8.0,10.0,0.0,58.0,85.0,28.0,1
42,0.0,83,5.0,42.0,0.0,41.0,42.0,2.0,1
49,0.0,89,0.0,50.0,24.0,40.0,40.0,0.0,1
37,0.0,76,0.0,30.0,9.0,40.0,45.0,6.0,1
42,4.0,81,8.0,42.0,0.0,39.0,39.0,0.0,1
38,0.0,86,0.0,38.0,14.0,48.0,47.0,0.0,1
52,0.0,84,0.0,54.0,29.0,32.0,30.0,0.0,1
56,0.0,78,0.0,16.0,-3.0,22.0,63.0,40.0,4
44,1.0,83,0.0,44.0,9.0,40.0,39.0,0.0,1
50,-2.0,87,3.0,50.0,0.0,37.0,38.0,0.0,1
37,0.0,76,-7.0,28.0,5.0,39.0,47.0,8.0,1
45,0.0,80,-5.0,46.0,31.0,35.0,34.0,0.0,1
55,0.0,93,0.0,50.0,-11.0,38.0,44.0,6.0,4
55,-1.0,91,0.0,54.0,-7.0,35.0,37.0,2.0,1
41,0.0,79,6.0,42.0,22.0,39.0,38.0,0.0,1
56,0.0,77,0.0,20.0,12.0,22.0,57.0,36.0,4
37,0.0,76,0.0,36.0,8.0,40.0,40.0,0.0,1
55,0.0,96,0.0,42.0,-13.0,41.0,55.0,14.0,4
55,0.0,93,2.0,6.0,0.0,38.0,88.0,50.0,4
56,0.0,79,0.0,56.0,3.0,22.0,22.0,0.0,1
55,0.0,98,3.0,46.0,0.0,42.0,51.0,8.0,4
37,0.0,76,5.0,30.0,24.0,40.0,45.0,6.0,1
39,0.0,75,0.0,38.0,0.0,36.0,36.0,0.0,1
53,-1.0,86,0.0,54.0,5.0,33.0,32.0,0.0,1
46,-2.0,82,-4.0,46.0,-6.0,36.0,35.0,0.0,1
45,5.0,75,0.0,44.0,0.0,30.0,31.0,0.0,1
42,-3.0,76,0.0,42.0,0.0,34.0,35.0,2.0,1
55,0.0,78,0.0,16.0,-4.0,23.0,63.0,40.0,4
38,1.0,77,0.0,38.0,4.0,39.0,38.0,0.0,1
53,1.0,79,0.0,54.0,1.0,25.0,24.0,0.0,1
108,0.0,109,0.0,70.0,-30.0,1.0,39.0,38.0,5
43,0.0,86,0.0,42.0,-13.0,42.0,44.0,2.0,1
37,2.0,82,-3.0,34.0,0.0,45.0,48.0,4.0,1
37,0.0,91,0.0,10.0,25.0,53.0,81.0,28.0,1
56,0.0,97,0.0,54.0,7.0,41.0,43.0,2.0,1
45,0.0,118,1751.0,310.0,15164.0,73.0,-191.0,-264.0,1
45,0.0,84,0.0,44.0,0.0,39.0,41.0,2.0,1
49,2.0,77,0.0,46.0,-7.0,28.0,30.0,2.0,1
56,4.0,97,-1.0,50.0,-2.0,40.0,48.0,8.0,4
56,0.0,95,0.0,50.0,-22.0,40.0,46.0,6.0,4
59,-1.0,84,0.0,56.0,-21.0,25.0,27.0,2.0,1
44,0.0,79,0.0,44.0,15.0,36.0,35.0,0.0,1
40,0.0,97,0.0,38.0,0.0,57.0,58.0,2.0,1
44,5.0,86,0.0,44.0,11.0,43.0,42.0,0.0,1
55,0.0,77,0.0,18.0,-11.0,22.0,59.0,38.0,4
44,0.0,75,-6.0,44.0,0.0,31.0,31.0,0.0,1
49,0.0,107,0.0,46.0,-16.0,58.0,60.0,2.0,1
56,-1.0,97,0.0,54.0,-4.0,41.0,42.0,2.0,1
102,0.0,104,0.0,70.0,0.0,1.0,34.0,32.0,5
37,0.0,76,0.0,30.0,-7.0,39.0,45.0,6.0,1
55,0.0,77,3.0,30.0,0.0,22.0,46.0,24.0,4
49,0.0,111,0.0,50.0,4.0,62.0,62.0,0.0,1
76,0.0,81,0.0,-42.0,-7.0,5.0,125.0,120.0,5
48,0.0,88,-2.0,46.0,-2.0,39.0,41.0,2.0,1
55,0.0,78,0.0,44.0,-4.0,23.0,34.0,12.0,4
55,0.0,77,0.0,10.0,18.0,22.0,67.0,46.0,4
56,0.0,95,0.0,50.0,22.0,40.0,46.0,6.0,4
46,3.0,86,0.0,44.0,-28.0,40.0,42.0,2.0,1
45,0.0,85,0.0,44.0,3.0,41.0,41.0,0.0,1
41,0.0,86,0.0,38.0,-11.0,46.0,48.0,2.0,1
56,0.0,78,0.0,8.0,0.0,22.0,70.0,48.0,4
44,2.0,77,0.0,44.0,11.0,33.0,33.0,0.0,1
55,0.0,82,0.0,-36.0,-23.0,26.0,118.0,92.0,4
56,0.0,81,-1.0,-10.0,29.0,25.0,92.0,66.0,4
37,0.0,76,0.0,36.0,-27.0,39.0,40.0,2.0,1
53,0.0,88,0.0,52.0,-18.0,35.0,37.0,2.0,1
46,0.0,81,4.0,46.0,2.0,35.0,35.0,0.0,1
46,-2.0,87,6.0,46.0,0.0,41.0,41.0,0.0,1
44,0.0,86,-4.0,44.0,3.0,42.0,42.0,0.0,1
37,0.0,76,-1.0,36.0,1.0,40.0,40.0,0.0,1
50,4.0,106,0.0,50.0,0.0,56.0,57.0,0.0,1
56,0.0,81,-1.0,-12.0,-12.0,25.0,94.0,68.0,4
37,0.0,104,0.0,26.0,14.0,67.0,78.0,12.0,1
37,0.0,106,0.0,20.0,-18.0,69.0,85.0,16.0,1
83,0.0,86,0.0,-4.0,13.0,3.0,92.0,88.0,5
37,0.0,76,0.0,34.0,26.0,39.0,42.0,4.0,1
46,5.0,79,0.0,44.0,-15.0,33.0,35.0,2.0,1
55,0.0,83,0.0,-28.0,-3.0,27.0,111.0,84.0,4
37,0.0,76,0.0,26.0,20.0,39.0,50.0,12.0,1
46,0.0,77,0.0,44.0,-22.0,32.0,34.0,2.0,1
41,0.0,86,0.0,38.0,-19.0,46.0,48.0,2.0,1
55,0.0,79,0.0,20.0,-7.0,23.0,58.0,34.0,4
55,0.0,77,1.0,-28.0,21.0,22.0,106.0,84.0,4
39,0.0,81,-2.0,38.0,-2.0,43.0,43.0,0.0,1
37,0.0,77,2.0,36.0,-14.0,39.0,41.0,2.0,1
37,-2.0,77,-1.0,34.0,-5.0,41.0,44.0,2.0,1
37,0.0,104,1.0,18.0,0.0,67.0,86.0,18.0,1
55,-1.0,95,-3.0,52.0,32.0,40.0,44.0,4.0,4
45,1.0,102,0.0,44.0,-5.0,57.0,58.0,2.0,1
56,0.0,78,0.0,16.0,0.0,22.0,63.0,40.0,4
55,0.0,77,0.0,-10.0,-4.0,21.0,87.0,66.0,4
37,0.0,95,2.0,10.0,6.0,57.0,84.0,28.0,1
79,0.0,83,0.0,-30.0,4.0,4.0,114.0,110.0,5
48,-2.0,81,0.0,46.0,-7.0,33.0,35.0,2.0,1
55,0.0,77,0.0,-24.0,2.0,21.0,103.0,82.0,4
56,0.0,81,0.0,54.0,-8.0,25.0,27.0,2.0,1
64,0.0,110,0.0,64.0,7.0,46.0,46.0,0.0,1
85,0.0,88,0.0,6.0,15.0,3.0,83.0,80.0,5
45,0.0,79,0.0,44.0,-8.0,33.0,35.0,2.0,1
37,0.0,77,0.0,8.0,2.0,40.0,69.0,30.0,1
37,0.0,76,0.0,36.0,21.0,38.0,39.0,2.0,1
56,0.0,96,0.0,54.0,3.0,40.0,42.0,2.0,1
47,-1.0,83,8.0,46.0,0.0,37.0,37.0,0.0,1
55,0.0,78,0.0,6.0,27.0,23.0,73.0,50.0,4
49,0.0,107,0.0,46.0,-18.0,58.0,60.0,2.0,1
79,0.0,83,0.0,-46.0,-2.0,4.0,130.0,126.0,5
55,0.0,73,-12.0,0.0,5.0,18.0,73.0,54.0,4
55,0.0,82,0.0,-32.0,-2.0,26.0,115.0,90.0,4
55,0.0,77,0.0,28.0,9.0,21.0,48.0,28.0,4
55,4.0,81,2.0,54.0,0.0,25.0,26.0,2.0,1
37,0.0,83,0.0,0.0,2.0,46.0,83.0,36.0,1
37,0.0,90,0.0,24.0,-6.0,52.0,66.0,14.0,1
41,-2.0,89,0.0,38.0,-17.0,48.0,50.0,2.0,1
37,0.0,103,0.0,20.0,-8.0,66.0,82.0,16.0,1
53,0.0,79,0.0,54.0,18.0,26.0,24.0,0.0,1
37,0.0,81,0.0,10.0,-4.0,45.0,71.0,26.0,1
56,0.0,96,0.0,56.0,31.0,40.0,39.0,0.0,1
47,0.0,102,-7.0,46.0,0.0,55.0,55.0,0.0,1
48,0.0,88,6.0,46.0,-3.0,40.0,42.0,2.0,1
47,0.0,84,6.0,46.0,0.0,36.0,37.0,0.0,1
45,-5.0,77,0.0,44.0,0.0,32.0,33.0,2.0,1
48,0.0,87,0.0,50.0,27.0,39.0,38.0,0.0,1
56,0.0,78,0.0,10.0,23.0,22.0,68.0,46.0,4
37,0.0,77,3.0,36.0,24.0,41.0,41.0,0.0,1
48,-5.0,100,0.0,46.0,0.0,53.0,54.0,2.0,1
47,2.0,90,0.0,46.0,0.0,43.0,43.0,0.0,1
45,0.0,87,2.0,44.0,-12.0,42.0,43.0,2.0,1
37,0.0,104,0.0,20.0,0.0,67.0,83.0,16.0,1
55,0.0,81,1.0,54.0,0.0,25.0,26.0,2.0,1
37,-1.0,77,0.0,-2.0,-24.0,40.0,80.0,40.0,1
37,-3.0,90,-2.0,6.0,0.0,53.0,85.0,32.0,1
44,4.0,85,0.0,44.0,1.0,41.0,41.0,0.0,1
37,0.0,79,0.0,36.0,25.0,43.0,43.0,0.0,1
43,0.0,83,0.0,44.0,24.0,39.0,39.0,0.0,1
84,0.0,88,0.0,0.0,23.0,3.0,88.0,84.0,5
47,-5.0,86,-2.0,46.0,0.0,39.0,40.0,0.0,1
45,-1.0,86,0.0,44.0,-4.0,41.0,42.0,2.0,1
42,-2.0,78,3.0,42.0,0.0,36.0,37.0,2.0,1
56,0.0,77,0.0,-18.0,21.0,21.0,95.0,74.0,4
46,-1.0,87,-3.0,46.0,-5.0,41.0,41.0,0.0,1
50,0.0,86,-1.0,50.0,0.0,35.0,37.0,2.0,1
37,0.0,104,-5.0,28.0,2.0,67.0,76.0,8.0,1
37,0.0,106,0.0,24.0,9.0,69.0,82.0,14.0,1
38,0.0,94,6.0,38.0,0.0,56.0,55.0,0.0,1
42,4.0,84,0.0,42.0,0.0,42.0,43.0,2.0,1
44,0.0,97,1.0,42.0,-23.0,53.0,55.0,2.0,1
37,0.0,76,-2.0,30.0,4.0,39.0,45.0,6.0,1
47,3.0,78,8.0,46.0,0.0,31.0,32.0,0.0,1
45,1.0,76,0.0,44.0,-8.0,31.0,32.0,2.0,1
37,0.0,76,-1.0,34.0,11.0,39.0,42.0,2.0,1
45,0.0,79,4.0,46.0,18.0,33.0,32.0,0.0,1
56,0.0,97,0.0,50.0,-16.0,41.0,48.0,6.0,4
45,0.0,81,7.0,44.0,0.0,36.0,37.0,0.0,1
37,0.0,79,4.0,2.0,9.0,42.0,76.0,34.0,1
38,-5.0,76,-2.0,38.0,0.0,37.0,37.0,0.0,1
51,0.0,84,0.0,52.0,24.0,34.0,33.0,0.0,1
52,-2.0,88,0.0,52.0,-5.0,36.0,37.0,0.0,1
50,0.0,82,8.0,50.0,0.0,32.0,33.0,2.0,1
47,-3.0,86,0.0,46.0,0.0,40.0,40.0,0.0,1
56,-1.0,77,6.0,0.0,0.0,21.0,77.0,56.0,4
37,0.0,76,-2.0,34.0,0.0,39.0,42.0,4.0,1
46,0.0,83,4.0,46.0,0.0,37.0,36.0,0.0,1
46,0.0,88,0.0,46.0,6.0,42.0,41.0,0.0,1
37,0.0,95,-5.0,16.0,15.0,58.0,80.0,22.0,1
54,3.0,87,0.0,54.0,0.0,33.0,33.0,0.0,1
46,5.0,78,0.0,46.0,12.0,32.0,32.0,0.0,1
48,-1.0,76,-2.0,46.0,-2.0,28.0,30.0,2.0,1
55,-3.0,98,0.0,46.0,0.0,42.0,51.0,8.0,4
37,0.0,78,0.0,26.0,0.0,41.0,52.0,12.0,1
53,0.0,87,0.0,52.0,-11.0,34.0,35.0,2.0,1
56,0.0,78,6.0,10.0,1.0,22.0,68.0,46.0,4
37,0.0,77,0.0,30.0,31.0,40.0,46.0,6.0,1
56,1.0,81,0.0,56.0,0.0,24.0,24.0,0.0,1
37,0.0,105,-1.0,18.0,7.0,68.0,87.0,18.0,1
53,0.0,88,0.0,52.0,-30.0,34.0,36.0,2.0,1
84,0.0,88,0.0,-2.0,-22.0,3.0,90.0,88.0,5
105,0.0,106,-6.0,72.0,13.0,1.0,34.0,34.0,5
37,0.0,78,0.0,28.0,-17.0,41.0,50.0,8.0,1
37,-2.0,75,0.0,28.0,9.0,38.0,46.0,8.0,1
49,0.0,83,-1.0,50.0,13.0,34.0,34.0,0.0,1
53,0.0,81,8.0,54.0,20.0,28.0,26.0,0.0,1
56,0.0,79,0.0,56.0,0.0,23.0,23.0,0.0,1
37,0.0,94,6.0,12.0,0.0,57.0,81.0,24.0,1
37,-13.0,75,0.0,28.0,16.0,38.0,46.0,8.0,1
45,0.0,87,2.0,44.0,0.0,43.0,43.0,0.0,1
48,-1.0,81,1.0,46.0,0.0,33.0,34.0,2.0,1
80,0.0,84,-1.0,-42.0,0.0,4.0,128.0,124.0,5
37,0.0,81,-3.0,20.0,3.0,44.0,61.0,16.0,1
49,3.0,88,0.0,46.0,-5.0,40.0,42.0,2.0,1
45,0.0,109,0.0,44.0,0.0,65.0,66.0,0.0,1
41,0.0,86,-6.0,38.0,-13.0,46.0,48.0,2.0,1
55,3.0,81,-2.0,54.0,0.0,26.0,26.0,0.0,1
55,0.0,97,0.0,46.0,27.0,41.0,50.0,8.0,4
53,-1.0,81,0.0,54.0,1.0,28.0,26.0,0.0,1
37,0.0,78,0.0,20.0,-8.0,41.0,57.0,16.0,1
45,3.0,81,0.0,44.0,-2.0,36.0,37.0,2.0,1
55,-2.0,91,0.0,54.0,-9.0,35.0,37.0,2.0,1
45,4.0,83,0.0,44.0,0.0,38.0,39.0,0.0,1
45,0.0,86,0.0,44.0,-3.0,41.0,42.0,2.0,1
43,0.0,80,0.0,42.0,-16.0,37.0,39.0,2.0,1
53,-2.0,102,-2.0,54.0,1.0,49.0,48.0,0.0,1
46,1.0,80,0.0,46.0,0.0,34.0,34.0,0.0,1
44,1.0,77,0.0,42.0,-14.0,34.0,36.0,2.0,1
41,0.0,79,-2.0,38.0,-14.0,38.0,40.0,2.0,1
53,1.0,88,0.0,54.0,2.0,35.0,34.0,0.0,1
37,0.0,83,0.0,-2.0,-10.0,46.0,85.0,40.0,1
43,0.0,76,-5.0,42.0,0.0,33.0,35.0,2.0,1
37,0.0,76,-1.0,36.0,21.0,38.0,39.0,2.0,1
45,0.0,83,0.0,44.0,-23.0,37.0,39.0,2.0,1
56,0.0,95,0.0,50.0,-28.0,40.0,46.0,6.0,4
53,3.0,88,0.0,54.0,22.0,35.0,34.0,0.0,1
38,-1.0,76,0.0,38.0,0.0,37.0,37.0,0.0,1
45,0.0,87,-1.0,44.0,-1.0,43.0,43.0,0.0,1
37,0.0,79,0.0,24.0,19.0,42.0,55.0,14.0,1
56,0.0,79,6.0,-22.0,0.0,23.0,102.0,80.0,4
106,0.0,108,5.0,70.0,0.0,2.0,38.0,36.0,5
37,0.0,75,-3.0,30.0,0.0,38.0,44.0,6.0,1
56,0.0,97,0.0,44.0,-22.0,41.0,53.0,12.0,4
37,0.0,84,0.0,18.0,-25.0,47.0,66.0,18.0,1
44,-1.0,106,-4.0,44.0,6.0,62.0,62.0,0.0,1
41,0.0,81,0.0,38.0,-26.0,39.0,42.0,2.0,1
45,-1.0,86,4.0,46.0,15.0,41.0,40.0,0.0,1
37,0.0,80,0.0,2.0,-8.0,43.0,77.0,34.0,1
56,0.0,77,0.0,-2.0,22.0,21.0,79.0,58.0,4
42,5.0,78,0.0,42.0,1.0,37.0,37.0,0.0,1
37,0.0,80,0.0,30.0,-14.0,43.0,49.0,6.0,1
104,4.0,106,4.0,70.0,0.0,1.0,36.0,34.0,5
51,0.0,82,0.0,50.0,-4.0,31.0,33.0,2.0,1
37,0.0,106,0.0,24.0,-1.0,69.0,83.0,14.0,1
56,0.0,77,0.0,20.0,-13.0,22.0,57.0,36.0,4
45,0.0,83,-3.0,44.0,-4.0,38.0,39.0,2.0,1
56,0.0,81,0.0,-14.0,3.0,25.0,97.0,72.0,4
56,0.0,77,0.0,-12.0,12.0,21.0,90.0,68.0,4
44,0.0,89,0.0,44.0,13.0,45.0,45.0,0.0,1
55,0.0,78,0.0,6.0,14.0,23.0,73.0,50.0,4
44,0.0,79,0.0,44.0,14.0,35.0,35.0,0.0,1
85,0.0,88,0.0,2.0,-28.0,3.0,86.0,82.0,5
37,0.0,90,-4.0,20.0,0.0,52.0,69.0,16.0,1
39,0.0,81,5.0,38.0,0.0,41.0,42.0,0.0,1
48,-3.0,86,0.0,46.0,-15.0,37.0,39.0,2.0,1
51,-4.0,82,6.0,52.0,2.0,31.0,30.0,0.0,1
37,0.0,109,8.0,34.0,0.0,72.0,75.0,4.0,1
58,3.0,84,0.0,56.0,0.0,26.0,27.0,2.0,1
37,0.0,100,0.0,34.0,7.0,64.0,67.0,4.0,1
81,0.0,84,0.0,-14.0,5.0,3.0,100.0,96.0,5
37,0.0,82,5.0,-2.0,8.0,45.0,85.0,40.0,1
56,3.0,84,0.0,56.0,27.0,28.0,27.0,0.0,1
43,0.0,80,-2.0,42.0,-4.0,37.0,39.0,2.0,1
49,0.0,81,6.0,46.0,-3.0,33.0,35.0,2.0,1
56,-4.0,96,-1.0,56.0,0.0,40.0,39.0,0.0,1
55,0.0,78,0.0,16.0,12.0,23.0,63.0,40.0,4
43,0.0,90,0.0,42.0,-13.0,47.0,49.0,2.0,1
37,0.0,78,0.0,12.0,6.0,42.0,65.0,24.0,1
42,0.0,75,0.0,42.0,-1.0,33.0,34.0,0.0,1
66,0.0,113,0.0,64.0,0.0,47.0,48.0,0.0,1
45,0.0,80,0.0,46.0,14.0,35.0,34.0,0.0,1
37,0.0,78,0.0,-4.0,3.0,42.0,83.0,42.0,1
44,3.0,86,-2.0,42.0,-11.0,42.0,44.0,2.0,1
44,-1.0,77,0.0,42.0,-23.0,34.0,36.0,2.0,1
49,0.0,106,0.0,50.0,6.0,57.0,57.0,0.0,1
45,-2.0,79,0.0,46.0,12.0,33.0,32.0,0.0,1
52,0.0,86,-1.0,52.0,-5.0,33.0,34.0,0.0,1
78,3.0,82,0.0,-42.0,0.0,4.0,126.0,122.0,5
46,0.0,90,-3.0,46.0,0.0,43.0,43.0,0.0,1
55,0.0,95,-5.0,38.0,19.0,39.0,56.0,16.0,4
45,1.0,84,0.0,44.0,0.0,40.0,41.0,2.0,1
45,-6.0,77,0.0,44.0,0.0,32.0,34.0,2.0,1
37,0.0,95,0.0,28.0,3.0,58.0,67.0,8.0,1
37,0.0,75,0.0,18.0,-9.0,38.0,57.0,18.0,1
55,2.0,82,0.0,54.0,-6.0,26.0,28.0,2.0,1
54,-2.0,76,-17.0,-2.0,9.0,22.0,79.0,56.0,4
57,0.0,80,-3.0,56.0,0.0,23.0,23.0,0.0,1
56,5.0,82,0.0,56.0,4.0,26.0,25.0,0.0,1
58,0.0,88,1.0,56.0,0.0,30.0,31.0,2.0,1
37,0.0,76,0.0,24.0,-3.0,39.0,53.0,14.0,1
56,0.0,86,4.0,56.0,3.0,31.0,30.0,0.0,1
37,0.0,83,-3.0,-4.0,-12.0,46.0,88.0,42.0,1
37,0.0,90,-4.0,18.0,0.0,53.0,72.0,20.0,1
55,0.0,87,4.0,54.0,0.0,32.0,33.0,0.0,1
56,0.0,108,0.0,54.0,-4.0,52.0,53.0,2.0,1
37,4.0,104,0.0,20.0,-22.0,66.0,83.0,16.0,1
84,0.0,88,0.0,-2.0,-8.0,3.0,90.0,88.0,5
37,0.0,108,0.0,36.0,9.0,71.0,72.0,0.0,1
46,0.0,92,1.0,46.0,0.0,46.0,46.0,0.0,1
56,0.0,92,1.0,-2.0,0.0,36.0,95.0,58.0,4
47,-3.0,79,0.0,46.0,0.0,32.0,33.0,0.0,1
56,-1.0,92,0.0,56.0,0.0,35.0,35.0,0.0,1
37,0.0,78,0.0,2.0,25.0,41.0,75.0,34.0,1
37,1.0,76,0.0,28.0,0.0,39.0,48.0,8.0,1
44,0.0,87,-1.0,44.0,2.0,43.0,43.0,0.0,1
56,0.0,97,0.0,50.0,31.0,41.0,48.0,6.0,4
43,0.0,81,7.0,42.0,-1.0,38.0,40.0,2.0,1
46,-5.0,78,-2.0,46.0,0.0,32.0,32.0,0.0,1
45,-2.0,85,0.0,44.0,-11.0,40.0,41.0,2.0,1
44,0.0,79,-3.0,42.0,2.0,36.0,38.0,2.0,1
37,-84.0,106,0.0,34.0,0.0,69.0,72.0,4.0,3
48,-2.0,87,0.0,50.0,27.0,39.0,38.0,0.0,1
43,-1.0,76,0.0,42.0,-14.0,32.0,34.0,2.0,1
46,-1.0,81,0.0,46.0,0.0,35.0,34.0,0.0,1
41,-3.0,78,-2.0,42.0,-4.0,37.0,37.0,0.0,1
55,3.0,83,5.0,54.0,0.0,28.0,29.0,0.0,1
41,0.0,79,0.0,38.0,-13.0,38.0,40.0,2.0,1
52,-1.0,80,0.0,52.0,0.0,28.0,28.0,0.0,1
51,0.0,79,6.0,52.0,4.0,27.0,27.0,0.0,1
39,-7.0,90,2.0,6.0,0.0,51.0,85.0,34.0,1
43,0.0,78,0.0,44.0,31.0,35.0,34.0,0.0,1
82,0.0,86,0.0,-4.0,-17.0,3.0,91.0,88.0,5
37,0.0,77,5.0,38.0,25.0,39.0,38.0,0.0,1
37,0.0,92,-2.0,12.0,0.0,55.0,79.0,24.0,1
47,5.0,95,2.0,46.0,0.0,48.0,49.0,0.0,1
43,0.0,83,1.0,42.0,-12.0,40.0,42.0,2.0,1
55,-1.0,97,0.0,46.0,0.0,41.0,50.0,8.0,4
50,3.0,84,0.0,50.0,0.0,34.0,35.0,0.0,1
71,1.0,75,0.0,-40.0,26.0,4.0,116.0,112.0,5
37,4.0,79,0.0,18.0,0.0,42.0,61.0,20.0,1
55,0.0,78,0.0,2.0,12.0,23.0,75.0,52.0,4
45,5.0,78,0.0,44.0,0.0,33.0,34.0,2.0,1
37,0.0,75,0.0,18.0,-28.0,38.0,57.0,18.0,1
43,0.0,76,0.0,42.0,-5.0,33.0,35.0,2.0,1
37,0.0,76,0.0,34.0,9.0,40.0,43.0,2.0,1
39,1.0,79,2.0,38.0,0.0,39.0,40.0,0.0,1
37,4.0,79,0.0,28.0,1.0,41.0,50.0,8.0,1
56,0.0,96,6.0,42.0,0.0,40.0,55.0,14.0,4
44,-2.0,77,0.0,44.0,5.0,33.0,33.0,0.0,1
45,0.0,81,-7.0,44.0,0.0,36.0,37.0,2.0,1
45,-1.0,81,0.0,46.0,17.0,36.0,35.0,0.0,1
56,0.0,92,6.0,0.0,0.0,36.0,92.0,56.0,4
43,0.0,83,0.0,44.0,26.0,40.0,39.0,0.0,1
102,0.0,103,2.0,70.0,-6.0,1.0,33.0,32.0,5
53,0.0,82,0.0,52.0,-3.0,29.0,30.0,2.0,1
41,-1.0,84,0.0,42.0,10.0,43.0,43.0,0.0,1
37,0.0,80,0.0,12.0,26.0,43.0,67.0,24.0,1
102,0.0,103,0.0,70.0,-11.0,1.0,33.0,32.0,5
56,4.0,97,0.0,54.0,7.0,40.0,42.0,2.0,1
37,0.0,81,0.0,38.0,9.0,44.0,43.0,0.0,1
37,0.0,82,5.0,20.0,3.0,45.0,61.0,16.0,1
43,0.0,86,0.0,44.0,13.0,42.0,42.0,0.0,1
42,0.0,76,0.0,42.0,-1.0,34.0,35.0,0.0,1
56,0.0,92,-5.0,0.0,1.0,36.0,92.0,56.0,4
56,-1.0,97,-2.0,50.0,-3.0,41.0,48.0,6.0,4
39,0.0,77,6.0,38.0,0.0,38.0,39.0,0.0,1
45,-2.0,77,0.0,44.0,-20.0,32.0,34.0,2.0,1
55,0.0,96,1.0,42.0,-1.0,41.0,55.0,14.0,4
51,0.0,80,-2.0,52.0,31.0,29.0,28.0,0.0,1
51,-1.0,83,0.0,50.0,-1.0,32.0,34.0,2.0,1
45,-2.0,80,0.0,44.0,0.0,35.0,36.0,2.0,1
41,0.0,77,0.0,42.0,16.0,36.0,36.0,0.0,1
55,0.0,93,0.0,42.0,6.0,37.0,51.0,14.0,4
102,0.0,103,3.0,70.0,-2.0,1.0,33.0,32.0,5
38,0.0,77,3.0,38.0,0.0,39.0,39.0,0.0,1
55,-1.0,79,-4.0,24.0,-9.0,23.0,55.0,32.0,4
37,0.0,107,0.0,28.0,-8.0,69.0,78.0,8.0,1
45,-4.0,86,0.0,44.0,0.0,42.0,42.0,0.0,1
42,3.0,83,0.0,42.0,0.0,41.0,42.0,2.0,1
44,-4.0,82,0.0,44.0,3.0,38.0,38.0,0.0,1
56,0.0,85,0.0,56.0,8.0,29.0,28.0,0.0,1
37,0.0,77,0.0,28.0,-9.0,40.0,48.0,8.0,1
43,0.0,76,5.0,42.0,-4.0,33.0,35.0,2.0,1
44,1.0,81,0.0,42.0,-27.0,37.0,39.0,2.0,1
80,0.0,84,0.0,-32.0,20.0,4.0,117.0,114.0,5
37,0.0,82,0.0,18.0,-3.0,45.0,64.0,18.0,1
56,0.0,97,0.0,44.0,14.0,41.0,53.0,12.0,4
52,0.0,87,-1.0,52.0,0.0,35.0,35.0,0.0,1
37,0.0,81,-5.0,30.0,0.0,45.0,50.0,6.0,1
59,0.0,87,0.0,60.0,20.0,28.0,28.0,0.0,1
37,0.0,81,-1.0,20.0,0.0,44.0,61.0,16.0,1
41,-5.0,78,0.0,42.0,8.0,37.0,37.0,0.0,1
44,3.0,108,-2.0,44.0,11.0,64.0,64.0,0.0,1
48,4.0,81,4.0,46.0,0.0,32.0,34.0,2.0,1
52,0.0,80,0.0,52.0,-3.0,27.0,28.0,0.0,1
40,-1.0,86,0.0,42.0,31.0,45.0,44.0,0.0,1
54,10.0,95,-2.0,50.0,0.0,41.0,46.0,6.0,4
50,0.0,77,0.0,50.0,-1.0,27.0,28.0,0.0,1
55,0.0,92,8.0,46.0,0.0,37.0,46.0,8.0,4
44,0.0,89,0.0,44.0,16.0,45.0,45.0,0.0,1
56,0.0,79,0.0,56.0,23.0,23.0,22.0,0.0,1
56,0.0,79,0.0,12.0,-8.0,23.0,66.0,42.0,4
55,0.0,82,0.0,-38.0,-4.0,26.0,121.0,94.0,4
37,0.0,77,0.0,10.0,12.0,41.0,67.0,26.0,1
45,0.0,86,0.0,44.0,-1.0,40.0,42.0,2.0,1
37,0.0,106,0.0,24.0,-20.0,68.0,82.0,14.0,1
41,0.0,83,0.0,42.0,9.0,41.0,41.0,0.0,1
56,0.0,92,0.0,52.0,1.0,36.0,40.0,4.0,4
104,-3.0,105,-3.0,70.0,0.0,1.0,35.0,34.0,5
81,0.0,84,0.0,-20.0,13.0,4.0,105.0,102.0,5
41,-3.0,84,0.0,38.0,-22.0,44.0,46.0,2.0,1
49,0.0,78,0.0,46.0,-19.0,29.0,32.0,2.0,1
44,0.0,79,7.0,44.0,0.0,35.0,35.0,0.0,1
44,-1.0,77,8.0,44.0,0.0,34.0,34.0,0.0,1
37,0.0,83,0.0,10.0,-22.0,46.0,72.0,26.0,1
56,0.0,81,0.0,-14.0,20.0,25.0,97.0,72.0,4
45,-1.0,86,-4.0,44.0,-27.0,41.0,42.0,2.0,1
55,0.0,95,0.0,54.0,29.0,40.0,41.0,2.0,1
48,1.0,84,0.0,46.0,0.0,37.0,38.0,2.0,1
37,0.0,103,0.0,34.0,14.0,66.0,69.0,4.0,1
48,-4.0,79,0.0,46.0,0.0,31.0,33.0,2.0,1
53,0.0,88,0.0,54.0,17.0,35.0,33.0,0.0,1
43,0.0,85,2.0,42.0,-25.0,42.0,44.0,2.0,1
53,0.0,79,0.0,52.0,-12.0,26.0,27.0,2.0,1
37,0.0,77,0.0,34.0,26.0,40.0,43.0,4.0,1
37,0.0,79,0.0,2.0,-26.0,42.0,76.0,34.0,1
56,0.0,92,0.0,54.0,-6.0,36.0,38.0,2.0,1
39,-5.0,108,-1.0,38.0,-2.0,68.0,69.0,0.0,1
53,0.0,83,0.0,52.0,-12.0,30.0,32.0,2.0,1
38,4.0,80,0.0,36.0,-6.0,42.0,44.0,2.0,1
49,0.0,83,-1.0,50.0,20.0,34.0,34.0,0.0,1
101,0.0,102,0.0,70.0,-23.0,1.0,32.0,32.0,5
53,-1.0,86,0.0,52.0,-17.0,33.0,35.0,2.0,1
102,-3.0,103,0.0,72.0,23.0,1.0,31.0,30.0,5
